100
3 1 5 15 13 11
3 0 8 23 22 21
1 0 7 18
3 0 4 0 25 20
1 0 2 2
2 0 3 5 6
1 0 6 18
2 2 10 26 17
3 1 9 2 18 21
3 0 10 27 28 27
3 3 3 22 9 9
1 0 6 14
3 0 4 13 0 12
2 2 3 21 28
1 0 4 9
1 1 5 26
2 1 7 6 20
3 0 0 0 0 0
3 3 7 28 4 13
3 1 7 28 3 18
1 0 3 6
1 0 1 22
3 1 0 23 28 11
2 0 8 12 20
1 0 9 21
2 1 2 3 3
2 0 2 3 3
1 0 5 11
3 0 5 12 9 5
1 0 4 3
1 0 10 27
3 0 6 28 15 15
1 0 8 27
2 0 1 0 0
2 2 3 19 25
1 1 6 3
3 0 8 30 17 3
1 1 4 9
2 0 10 13 23
1 0 9 24
2 0 3 25 5
3 0 2 25 0 29
1 0 9 24
1 0 10 26
2 0 9 23 24
2 2 9 13 15
1 1 9 23
1 0 10 27
3 3 6 11 14 8
3 2 9 26 12 8
1 0 9 23
1 0 10 27
3 1 10 27 26 22
3 0 3 1 28 12
2 0 9 13 23
1 1 9 14
1 0 6 15
2 0 10 30 30
3 1 6 12 7 13
3 0 1 7 5 3
3 2 1 20 0 15
1 0 4 8
1 0 8 21
2 0 4 8 8
3 0 5 12 28 12
3 0 4 8 3 9
1 1 3 3
1 1 2 26
2 2 3 11 11
2 0 4 9 9
3 0 4 30 9 13
2 1 0 5 23
2 0 1 3 28
1 0 5 6
2 2 1 13 2
3 1 4 8 14 8
3 3 9 27 12 15
1 1 0 27
1 0 9 10
3 3 1 8 19 7
3 2 1 0 20 27
1 0 3 5
1 0 2 3
1 0 2 20
3 1 5 21 11 12
2 0 5 20 11
2 0 0 30 30
1 0 9 29
2 0 10 26 27
3 1 3 2 5 5
1 1 0 12
2 0 9 9 23
3 2 2 2 2 3
3 0 8 12 20 28
1 0 7 17
2 2 3 5 26
3 0 7 17 18 14
3 2 5 11 12 12
3 0 8 4 22 19
2 0 7 2 28
