100
3 1 5 15 13 11
3 0 8 23 22 21
2 2 7 2 15
2 1 10 27 27
1 0 3 6
1 0 0 0
1 1 7 15
1 1 9 15
1 0 10 30
1 0 7 17
2 0 7 17 19
2 0 8 13 25
1 1 7 13
3 0 4 2 12 22
3 2 6 14 14 15
3 2 7 11 12 11
1 1 4 25
2 1 7 18 17
3 2 6 22 16 20
1 0 6 8
3 3 1 19 14 26
3 2 4 9 17 29
1 1 6 14
3 0 10 8 18 0
3 0 5 12 10 16
2 0 7 0 29
1 0 5 11
1 0 7 17
1 1 5 6
1 1 9 19
3 0 9 14 13 24
3 0 4 9 8 4
1 0 7 18
1 1 9 17
3 3 1 13 7 28
3 3 8 11 25 17
2 1 4 8 9
1 0 4 18
3 0 9 1 29 16
3 0 0 24 5 13
2 0 4 8 22
2 0 6 15 15
1 1 10 12
3 2 1 0 18 13
3 0 9 25 24 23
3 0 2 16 4 25
1 0 10 27
3 1 6 22 2 24
1 0 8 20
1 0 3 5
2 0 0 4 27
1 0 8 20
1 1 2 25
2 2 6 26 28
2 0 7 17 17
3 0 3 28 2 11
3 1 2 29 23 29
1 1 3 27
3 0 7 18 17 27
1 0 3 5
1 1 2 26
2 0 6 14 14
2 0 10 26 27
2 0 2 3 26
3 0 6 12 4 4
2 0 8 21 4
3 1 6 23 15 14
2 0 1 0 0
1 0 4 15
3 1 6 16 3 23
1 1 1 3
1 0 3 23
1 0 8 8
3 0 7 17 18 6
3 0 3 5 6 2
3 0 4 9 9 9
3 0 5 13 29 21
3 0 7 10 10 29
2 0 1 16 1
2 0 6 15 15
2 1 2 20 6
1 0 2 3
2 2 7 15 6
1 0 10 29
1 0 2 3
1 0 4 9
3 0 2 28 25 26
1 0 9 29
3 0 5 11 11 11
1 1 1 18
1 0 7 9
2 2 7 20 28
2 1 7 18 17
3 2 3 5 6 6
1 1 8 8
3 0 0 30 30 30
2 0 7 0 18
3 3 10 11 21 19
3 1 4 26 1 19
1 0 9 28
