300
3 1 5 15 13 11
3 0 8 23 22 21
2 1 7 20 9
3 3 7 6 26 17
2 0 10 30 30
3 3 8 25 4 13
1 0 3 6
3 0 0 3 26 13
1 0 8 21
2 0 7 15 0
1 1 1 11
1 0 7 17
2 2 10 15 14
3 3 3 18 5 3
3 1 5 12 18 12
1 1 5 20
2 1 8 20 20
1 0 3 5
2 0 10 26 5
3 3 3 12 20 20
1 0 8 20
1 1 7 5
3 1 10 26 27 7
3 2 6 13 18 17
1 0 7 11
1 0 10 7
3 0 1 0 0 0
1 0 10 29
2 2 1 16 12
2 0 6 7 1
2 2 3 15 6
2 1 6 14 14
2 0 2 8 5
3 0 3 12 14 12
3 2 1 24 0 4
2 1 9 24 23
3 1 2 1 28 0
3 1 4 9 8 8
3 0 10 26 27 26
1 0 10 26
1 0 3 5
1 0 1 20
2 1 7 13 2
2 2 5 27 23
3 1 9 23 23 13
2 0 6 14 14
2 0 4 28 13
3 0 7 18 18 13
1 0 8 20
2 2 6 20 13
3 2 2 4 19 7
3 1 6 11 14 14
1 0 8 7
3 3 5 20 5 10
3 0 3 1 20 21
1 0 6 14
1 0 5 11
3 3 0 16 24 5
1 1 7 20
2 0 0 30 30
2 1 9 21 21
1 0 4 22
2 0 0 20 2
2 1 9 24 23
1 1 1 4
3 0 6 14 26 15
2 1 4 8 8
2 2 4 8 13
3 3 3 10 16 22
3 0 5 23 16 20
1 0 3 5
2 2 0 27 10
1 0 6 14
3 3 6 26 13 7
1 0 4 23
1 1 2 20
1 0 2 2
2 2 2 27 17
2 0 10 28 26
1 1 3 23
3 0 0 22 7 12
1 0 8 27
3 3 8 16 5 3
3 3 0 11 20 3
2 2 6 5 12
3 2 4 6 3 16
3 0 10 14 10 7
3 0 6 4 21 14
3 1 7 18 18 16
3 0 0 0 0 0
1 1 8 25
1 1 3 10
3 0 5 3 26 14
2 0 5 26 10
2 0 4 3 18
1 0 2 2
2 1 10 22 10
3 3 8 11 5 21
3 0 7 0 0 30
1 0 4 23
3 1 5 15 13 11
3 0 8 23 22 21
1 0 4 6
3 0 2 11 3 18
1 1 1 9
2 0 6 14 15
2 0 9 27 24
1 0 8 0
2 0 2 21 5
1 0 7 17
2 1 10 16 22
2 0 4 11 18
2 0 10 27 27
2 0 3 6 6
3 0 6 21 23 30
1 0 3 6
1 1 1 9
2 2 4 14 6
2 0 10 27 27
2 1 1 28 0
1 0 8 21
3 1 10 9 29 27
3 0 0 2 28 30
1 1 6 23
1 1 1 27
1 0 10 27
3 3 1 13 28 9
2 0 2 23 29
2 1 6 14 8
3 0 5 10 26 12
1 0 2 3
3 1 9 24 23 25
2 0 4 3 14
3 0 2 23 2 11
3 1 4 9 29 9
2 2 7 17 5
1 0 10 26
2 0 10 10 24
2 0 10 27 26
1 0 2 2
3 1 2 3 3 2
3 0 3 1 6 23
1 0 7 16
1 1 8 12
1 0 1 0
3 0 5 11 12 12
3 0 8 29 17 23
2 1 9 17 29
3 0 0 8 25 16
1 0 4 8
1 0 3 5
1 0 0 30
2 2 3 2 6
3 0 2 23 13 12
3 0 5 11 11 12
2 2 10 21 12
3 0 2 30 2 3
2 0 2 24 14
1 1 0 27
2 0 3 0 25
3 1 5 28 29 28
2 0 8 21 20
3 0 1 3 24 28
2 0 8 21 10
2 0 8 13 4
2 1 6 2 22
3 0 1 13 20 13
1 1 6 14
3 1 9 16 23 5
3 0 10 30 30 30
1 0 8 7
2 0 6 14 15
1 0 2 3
2 2 1 11 10
2 0 5 21 14
3 0 9 24 6 2
2 0 0 27 19
2 0 5 30 2
3 0 3 29 23 29
1 0 0 29
1 1 7 25
3 2 9 24 24 24
1 0 9 24
3 2 7 0 27 14
2 0 0 25 29
1 1 7 16
2 0 7 30 13
2 0 10 10 4
1 0 1 0
2 1 4 17 2
2 2 0 25 14
3 0 4 16 8 24
1 0 8 29
3 0 0 0 0 0
1 0 3 12
1 0 8 17
3 0 3 25 29 16
3 1 9 4 6 11
2 0 5 5 5
2 0 5 11 29
3 1 5 15 13 11
3 0 8 23 22 21
3 2 1 28 2 22
3 3 7 9 19 26
1 1 2 7
2 0 10 30 30
3 3 3 24 19 28
3 1 4 22 11 26
3 3 8 15 10 26
1 1 10 9
1 1 7 2
1 0 6 14
1 1 8 15
1 1 3 18
3 0 0 0 0 0
2 0 0 30 30
2 2 8 22 18
1 0 3 5
2 0 5 23 11
3 0 7 17 17 2
1 1 9 21
1 1 2 17
2 0 3 6 21
2 0 5 26 17
2 0 9 12 23
3 3 4 12 5 18
2 0 4 20 8
3 2 7 18 12 5
2 2 6 19 2
2 0 9 9 30
1 0 7 17
2 2 5 28 22
1 0 10 26
2 0 3 8 6
3 0 4 28 12 4
3 2 5 11 12 12
2 0 1 8 19
3 1 1 28 17 0
1 1 1 11
1 0 5 11
3 3 2 7 15 10
2 2 10 19 3
3 0 3 6 6 5
3 1 6 4 15 14
2 0 10 26 7
1 0 7 18
2 0 9 23 23
1 0 9 11
1 0 3 6
3 3 7 10 4 21
3 0 5 13 11 0
2 0 2 29 2
3 2 5 20 15 15
1 0 1 0
1 1 4 2
1 0 4 8
2 1 5 12 12
3 0 10 18 27 27
2 0 3 5 6
3 1 1 9 12 0
2 0 4 8 29
2 2 1 20 15
1 0 4 19
3 2 1 9 3 0
2 1 6 25 16
2 0 7 7 8
1 0 9 16
3 0 8 21 20 20
1 0 8 0
2 0 6 19 16
3 1 10 26 22 24
3 2 0 24 16 10
2 0 3 6 5
2 0 7 20 12
2 0 2 13 2
2 2 2 25 25
1 0 8 20
2 0 6 15 14
1 0 8 20
2 2 5 28 22
2 2 5 11 20
3 0 10 26 27 23
3 2 4 9 3 20
1 1 3 27
3 2 2 5 25 26
1 0 8 20
2 1 0 17 11
1 1 4 19
1 1 10 2
2 2 4 21 2
1 0 10 27
1 1 9 21
3 3 7 13 22 25
1 0 8 21
1 0 0 21
1 0 10 27
3 0 1 26 23 8
1 0 4 22
3 3 4 3 20 28
3 0 5 11 11 27
