100
3 1 5 15 13 11
3 0 8 23 22 21
2 0 6 14 7
1 1 10 23
3 1 2 15 18 16
1 1 6 19
3 0 3 17 22 17
2 0 3 5 6
2 1 4 23 8
3 1 10 26 22 26
3 3 3 3 3 7
1 0 6 15
1 1 2 15
3 1 9 14 23 24
1 1 1 15
2 2 0 9 16
2 0 2 2 3
1 0 0 30
1 1 0 10
2 0 6 4 9
3 3 3 14 13 8
3 0 10 30 30 30
2 0 4 15 10
1 0 4 4
1 0 9 5
3 1 5 11 5 12
1 0 7 17
3 2 8 20 14 17
1 0 5 26
1 0 3 22
3 0 7 6 6 9
1 0 3 11
2 1 9 20 0
2 0 10 29 13
3 2 1 0 26 25
2 2 1 17 26
3 3 0 14 4 24
2 0 1 0 0
2 1 5 23 13
3 0 8 30 13 21
3 2 1 29 16 13
1 1 3 16
1 0 8 20
2 2 2 19 9
3 0 8 2 29 8
2 1 7 18 17
1 0 0 28
2 1 10 10 1
3 0 6 9 30 16
1 0 1 26
3 3 1 26 9 18
1 0 4 9
1 1 2 3
1 0 2 25
3 3 6 4 19 15
3 2 7 18 17 18
2 0 7 9 17
3 0 4 29 28 22
3 1 10 26 5 26
2 0 5 11 11
1 1 0 26
1 1 0 7
1 1 4 8
3 0 8 30 22 0
3 0 5 2 24 16
2 1 9 12 2
2 0 10 27 15
3 0 6 14 15 14
2 0 9 23 24
3 0 2 13 18 2
2 0 4 15 9
3 1 2 2 2 2
3 3 1 15 23 3
2 1 5 12 11
1 0 4 9
2 0 2 18 29
2 2 3 11 26
2 0 1 10 28
1 0 8 22
3 3 3 16 10 11
1 0 5 11
3 3 1 9 25 9
1 0 9 9
2 1 3 8 29
3 3 0 22 19 19
3 0 4 6 27 21
2 1 8 16 22
1 0 0 0
1 1 2 22
1 1 10 10
3 2 3 26 21 6
3 0 4 8 11 8
3 0 8 19 11 23
1 1 7 22
3 3 0 20 10 27
2 0 0 7 22
1 1 3 18
1 0 6 14
2 1 2 2 2
2 1 10 27 26
