100
3 1 5 15 13 11
3 0 8 23 22 21
1 0 3 5
2 0 7 26 1
3 0 9 4 23 7
3 0 10 0 0 11
1 0 6 14
1 1 10 15
3 0 6 14 19 4
2 1 3 15 12
2 2 8 4 18
1 0 7 1
2 0 3 5 2
3 0 5 9 27 12
2 1 3 4 5
3 0 7 17 30 18
1 0 8 19
2 0 3 4 5
2 0 4 9 8
2 0 4 4 26
1 0 4 8
3 1 9 24 23 29
3 0 5 6 16 19
2 0 10 26 6
2 0 5 28 11
1 1 8 12
3 3 10 19 22 14
3 2 8 20 21 20
2 0 5 22 7
3 0 6 19 14 11
2 0 2 15 2
2 0 6 14 26
1 0 3 15
1 0 1 19
2 0 10 18 26
2 1 9 24 23
1 1 9 10
2 1 1 6 7
1 0 1 0
1 0 8 18
3 0 3 8 5 9
2 0 7 26 3
2 0 6 17 21
1 0 10 2
3 1 7 24 17 18
3 2 3 18 26 16
1 0 9 23
2 0 3 30 6
3 0 6 15 14 9
3 0 5 25 6 11
3 0 4 22 1 22
2 0 9 24 18
3 1 10 27 28 27
2 1 5 11 12
2 1 3 2 12
2 0 6 24 26
2 2 9 27 28
2 0 0 0 0
3 3 7 27 22 4
1 0 4 1
2 0 10 30 30
1 1 9 22
1 0 4 9
3 2 1 26 22 0
1 1 7 11
2 2 5 27 5
1 0 3 5
1 0 9 16
2 2 2 19 20
3 1 6 20 15 14
2 1 6 13 5
1 0 8 20
3 0 8 20 26 21
3 1 8 21 30 21
3 1 1 9 14 28
1 1 7 15
1 1 0 13
3 0 1 0 0 0
1 1 1 28
2 0 4 4 2
3 0 5 12 12 11
3 2 1 0 27 4
1 0 7 18
1 0 8 21
2 0 7 2 13
1 0 8 20
1 0 8 23
1 1 8 16
3 1 7 1 2 23
3 3 3 24 12 23
3 0 7 20 29 16
3 0 5 22 11 11
1 1 8 22
3 0 7 0 28 2
1 1 0 4
1 0 10 26
1 0 0 30
1 0 6 14
3 1 3 5 6 6
3 1 9 24 25 15
