50
24
0
2 24 4
2 1 8
2 22 14
0
0
2 23 2
2 10 13
0
0
2 9 20
0
1 18
2 5 11
2 6 7
2 21 19
0
0
2 12 15
2 17 3
0
0
0
0
24
0
2 9 15
2 1 20
2 19 6
0
1 24
0
0
0
0
0
0
2 5 22
0
2 11 17
2 14 18
2 21 4
2 12 23
1 6
2 7 16
0
2 8 2
2 10 13
0
24
1 19
2 24 3
1 21
0
2 14 12
0
2 16 1
2 13 18
1 20
1 6
2 22 9
1 23
1 4
1 23
1 6
1 19
2 10 15
1 4
0
0
0
1 20
0
1 21
25
1 22
1 22
1 22
1 22
1 22
1 22
1 22
1 22
1 22
1 22
1 22
1 22
1 22
1 22
1 22
1 22
1 22
1 22
1 22
1 22
1 22
0
1 22
1 22
1 22
25
1 20
1 13
1 15
1 6
1 25
1 23
1 3
1 12
1 8
1 14
0
1 2
1 5
1 24
1 19
1 17
1 21
1 9
1 4
1 18
1 7
1 1
1 11
1 22
1 16
25
1 10
1 24
2 4 25
1 5
1 1
1 16
1 6
1 2
1 18
1 17
1 7
1 14
1 19
1 23
1 21
1 20
1 8
1 22
1 11
1 9
1 12
1 25
1 13
1 15
0
25
1 18
2 16 20
0
2 10 19
1 3
0
2 11 17
0
0
1 8
2 5 1
2 7 21
1 6
0
1 9
0
2 24 2
0
2 25 23
0
2 22 4
2 15 13
0
1 14
0
25
2 10 7
1 9
1 21
1 12
2 19 13
1 20
2 3 14
1 12
1 12
2 2 18
1 12
0
2 15 23
2 24 22
1 17
1 4
1 12
1 11
2 16 6
1 12
1 12
1 12
1 8
1 12
2 5 1
24
1 12
1 3
1 7
1 8
1 24
1 18
1 14
1 15
1 5
1 16
1 21
1 17
1 10
1 20
0
1 23
1 11
1 9
1 2
1 1
1 15
2 19 6
1 4
1 13
20
0
10 13 19 4 20 6 7 1 15 5 12
10 13 19 4 20 6 7 1 15 5 12
0
0
0
0
10 13 19 4 20 6 7 1 15 5 12
10 13 19 4 20 6 7 1 15 5 12
10 13 19 4 20 6 7 1 15 5 12
10 13 19 4 20 6 7 1 15 5 12
0
0
10 13 19 4 20 6 7 1 15 5 12
0
10 13 19 4 20 6 7 1 15 5 12
10 13 19 4 20 6 7 1 15 5 12
10 13 19 4 20 6 7 1 15 5 12
0
0
50
0
2 24 5
2 35 13
0
2 34 37
0
0
2 40 9
2 4 33
0
0
0
2 7 32
2 49 38
0
0
0
2 31 39
2 15 48
0
2 43 36
2 27 26
2 6 22
0
2 50 19
2 10 41
0
0
0
0
0
2 12 47
2 11 14
0
0
1 17
2 28 18
2 16 2
2 45 3
0
2 29 44
0
0
2 42 25
0
2 1 23
2 20 21
2 30 8
0
0
50
2 5 23
0
2 20 1
1 12
0
0
0
2 2 30
0
2 28 41
0
0
0
0
2 43 8
2 47 39
0
0
0
0
0
2 19 16
2 45 49
2 6 29
2 31 35
2 50 25
2 7 32
0
2 33 42
2 34 24
0
2 14 46
0
0
2 37 44
0
0
2 13 10
2 36 38
1 4
2 9 26
2 17 3
0
2 11 27
0
2 21 15
0
2 40 4
2 18 48
0
48
1 33
1 40
1 47
1 27
0
2 3 22
2 1 48
2 24 34
0
2 28 14
1 5
2 39 16
0
1 13
0
1 42
1 9
1 15
1 23
1 26
1 27
1 47
0
1 41
1 15
0
0
1 13
1 40
1 5
2 11 30
1 9
0
1 41
1 26
2 21 4
2 25 18
1 23
1 42
0
0
0
2 2 29
2 17 32
2 38 19
2 35 20
0
1 33
50
1 30
1 30
1 30
1 30
1 30
1 30
1 30
1 30
1 30
1 30
1 30
1 30
1 30
1 30
1 30
1 30
1 30
1 30
1 30
1 30
1 30
1 30
1 30
1 30
1 30
1 30
1 30
1 30
1 30
0
1 30
1 30
1 30
1 30
1 30
1 30
1 30
1 30
1 30
1 30
1 30
1 30
1 30
1 30
1 30
1 30
1 30
1 30
1 30
1 30
50
1 20
1 25
1 27
1 14
1 15
1 38
1 32
1 10
1 33
1 24
1 37
1 44
1 9
0
1 6
1 46
1 23
1 28
1 22
1 21
1 17
1 34
1 5
1 2
1 42
1 11
1 36
1 7
1 8
1 50
1 43
1 3
1 4
1 48
1 41
1 31
1 47
1 13
1 12
1 18
1 16
1 30
1 35
1 1
1 29
1 39
1 40
1 49
1 26
1 19
50
1 18
1 27
1 11
1 38
1 10
1 4
1 1
1 36
1 29
0
1 26
1 7
1 2
1 45
1 22
1 49
1 20
1 42
1 35
1 43
1 13
1 33
1 24
1 6
1 23
1 19
1 8
1 14
1 3
1 40
2 21 10
1 17
1 9
1 37
1 32
1 28
1 5
1 46
1 50
1 47
1 30
1 34
1 12
1 39
1 41
1 44
1 16
1 15
1 25
1 48
50
1 24
2 35 41
0
2 37 28
1 10
0
0
2 32 17
0
0
0
0
2 6 25
0
2 4 21
0
1 9
0
2 39 3
1 7
2 5 22
2 14 12
0
0
0
0
2 50 49
1 48
0
2 27 40
0
1 29
2 36 15
2 8 46
1 16
2 2 38
1 42
2 20 13
0
2 1 44
1 23
0
1 18
1 11
2 30 34
2 43 19
2 45 33
0
1 26
1 31
50
2 37 15
2 22 10
1 47
1 8
1 8
2 49 46
2 26 20
0
2 44 1
2 27 6
2 17 40
1 8
1 8
2 39 35
2 11 14
2 41 42
1 4
1 19
1 8
2 3 30
1 8
2 23 18
1 36
1 34
1 28
2 50 25
1 31
1 8
1 8
1 13
1 8
1 48
1 8
1 8
2 29 33
1 8
2 45 16
1 8
1 38
1 12
1 43
1 5
1 8
2 7 2
2 24 32
1 8
1 8
1 8
1 8
1 21
50
1 20
1 14
1 13
1 8
1 17
1 49
0
1 16
1 27
1 30
1 34
1 4
1 42
1 24
1 32
1 19
1 25
1 21
1 28
1 22
1 7
1 3
1 12
1 40
1 26
1 37
1 23
1 1
2 39 44
1 38
1 9
1 41
1 46
1 6
1 11
1 33
1 18
1 35
1 31
1 47
1 2
1 5
1 15
1 10
1 48
1 50
1 7
1 36
1 45
1 43
50
10 31 35 5 18 36 44 32 33 16 45
10 31 35 5 18 36 44 32 33 16 45
10 25 10 20 28 2 40 1 7 38 37
0
10 11 47 24 43 13 34 22 17 23 19
0
10 31 35 5 18 36 44 32 33 16 45
0
10 25 10 20 28 2 40 1 7 38 37
10 31 35 5 18 36 44 32 33 16 45
10 29 15 46 6 8 42 4 39 27 21
10 25 10 20 28 2 40 1 7 38 37
10 29 15 46 6 8 42 4 39 27 21
10 25 10 20 28 2 40 1 7 38 37
0
10 11 47 24 43 13 34 22 17 23 19
10 29 15 46 6 8 42 4 39 27 21
10 11 47 24 43 13 34 22 17 23 19
10 29 15 46 6 8 42 4 39 27 21
10 31 35 5 18 36 44 32 33 16 45
0
10 29 15 46 6 8 42 4 39 27 21
10 29 15 46 6 8 42 4 39 27 21
10 29 15 46 6 8 42 4 39 27 21
10 31 35 5 18 36 44 32 33 16 45
10 25 10 20 28 2 40 1 7 38 37
0
10 31 35 5 18 36 44 32 33 16 45
0
10 25 10 20 28 2 40 1 7 38 37
10 11 47 24 43 13 34 22 17 23 19
10 11 47 24 43 13 34 22 17 23 19
10 11 47 24 43 13 34 22 17 23 19
10 29 15 46 6 8 42 4 39 27 21
10 11 47 24 43 13 34 22 17 23 19
10 11 47 24 43 13 34 22 17 23 19
10 31 35 5 18 36 44 32 33 16 45
10 31 35 5 18 36 44 32 33 16 45
0
10 31 35 5 18 36 44 32 33 16 45
10 25 10 20 28 2 40 1 7 38 37
0
10 29 15 46 6 8 42 4 39 27 21
10 11 47 24 43 13 34 22 17 23 19
10 11 47 24 43 13 34 22 17 23 19
0
10 29 15 46 6 8 42 4 39 27 21
10 25 10 20 28 2 40 1 7 38 37
10 25 10 20 28 2 40 1 7 38 37
10 25 10 20 28 2 40 1 7 38 37
5
1 5
2 1 5
1 1
0
0
5
1 4
1 1
0
0
2 1 4
5
2 3 5
1 3
0
1 1
0
5
1 4
1 5
1 2
0
1 4
5
2 2 5
1 4
0
0
1 4
40
1 12
0
0
0
2 13 36
1 2
0
1 35
0
1 37
1 29
1 2
1 9
0
0
3 24 9 29
0
1 19
1 28
1 40
0
3 26 18 25
1 37
0
1 9
0
1 39
1 37
1 33
0
4 8 6 19 2
4 6 8 27 5
2 12 25
1 39
1 3
0
0
3 35 8 1
1 13
1 5
41
0
1 29
1 11
0
3 23 27 20
2 13 3
0
2 7 17
0
1 13
2 1 2
1 15
1 12
1 39
1 18
0
0
0
3 32 33 23
0
1 18
2 41 40
0
3 16 10 8
1 23
1 2
0
0
0
0
1 35
1 35
0
2 7 15
0
3 12 30 14
1 14
4 18 39 30 7
0
0
2 23 20
44
4 40 26 13 27
1 28
2 20 15
1 5
2 9 18
2 34 32
0
2 10 30
1 15
0
1 6
0
0
2 17 34
0
2 7 13
2 9 3
0
1 23
0
2 5 28
3 5 26 18
1 16
0
1 15
2 2 29
1 32
0
1 38
1 32
0
0
1 25
0
0
2 27 18
1 24
0
1 18
1 26
0
0
0
3 10 30 42
50
2 47 50
1 44
2 48 19
0
0
0
1 44
1 44
4 38 24 47 22
3 45 18 47
0
1 44
2 21 19
0
0
0
1 35
0
1 26
1 14
0
1 30
1 20
0
0
0
1 38
0
2 28 49
0
0
1 45
1 17
1 47
2 21 30
2 41 20
3 40 41 24
1 20
4 6 34 40 18
0
0
0
1 13
0
1 15
3 23 50 15
0
1 25
1 44
3 5 13 6
40
1 26
0
0
0
0
1 26
1 11
1 36
0
4 32 37 3 15
0
2 17 14
1 9
0
0
1 27
0
1 25
0
3 32 24 3
3 4 34 16
1 19
2 9 28
1 32
2 32 9
0
0
0
0
1 6
3 35 34 12
1 14
1 35
0
2 36 7
0
2 4 22
1 8
3 16 28 15
1 11
40
0
0
1 11
2 26 3
4 31 15 40 9
0
0
0
0
0
0
1 25
1 6
1 8
0
2 1 20
2 2 37
0
4 10 12 3 17
0
1 2
0
0
2 26 11
3 31 36 23
0
1 40
3 24 26 8
0
3 12 10 17
3 16 13 37
2 2 8
3 31 18 7
0
0
1 3
0
0
0
0
41
0
0
0
2 20 38
2 30 13
3 22 3 32
1 38
0
0
0
1 20
3 33 18 20
3 2 9 16
3 38 17 8
0
0
0
1 16
1 29
0
3 26 1 30
2 2 34
0
0
3 2 9 30
0
0
0
0
0
1 3
0
2 34 20
1 15
1 29
1 23
1 32
0
2 9 22
3 27 20 11
1 3
46
1 32
1 34
0
4 41 21 18 6
0
0
0
0
0
1 21
0
0
3 8 6 25
0
0
0
0
0
1 16
1 5
0
1 41
0
2 5 16
0
2 41 19
0
2 9 16
0
0
0
0
1 11
2 25 10
0
0
0
7 18 45 26 21 31 32 46
0
0
0
1 27
0
0
0
0
41
0
1 3
1 21
0
1 41
0
1 4
0
2 11 26
1 18
0
0
0
0
0
2 3 39
1 31
3 3 11 26
1 27
1 37
0
0
0
3 14 10 41
0
0
0
1 26
1 26
0
0
1 8
0
1 11
0
1 5
1 11
2 14 34
0
1 29
0
49
1 3
4 41 14 49 34
0
0
2 35 11
3 39 14 47
2 17 16
1 2
1 20
0
1 20
0
0
0
1 3
0
1 36
0
1 3
1 46
0
0
0
1 29
0
1 29
0
1 11
0
0
1 22
1 41
0
0
0
0
1 39
0
1 49
0
0
1 15
0
1 10
3 46 38 18
0
0
1 29
0
49
0
0
1 44
1 18
0
0
0
0
1 6
0
1 47
1 44
0
1 46
1 16
0
1 49
0
0
1 29
1 42
2 2 48
1 12
0
1 47
1 32
0
1 29
0
0
3 19 44 49
0
2 48 17
1 12
0
0
1 46
0
1 17
3 47 26 12
0
0
1 16
0
2 46 29
0
0
2 29 17
0
49
0
0
0
1 13
0
1 1
1 34
2 5 22
0
0
0
0
0
1 18
0
0
0
1 9
0
0
0
1 31
0
1 33
1 10
1 5
0
2 23 48
1 9
2 7 14
1 37
0
0
0
0
2 2 10
2 49 1
1 48
0
0
1 23
2 10 38
4 49 11 2 7
1 18
0
2 14 21
0
0
0
48
0
1 3
0
0
0
0
0
1 41
0
0
0
0
1 19
4 27 19 25 37
0
2 31 22
1 35
0
0
2 4 45
1 11
0
0
1 22
0
1 13
0
0
0
2 22 45
1 20
0
2 31 5
0
1 29
0
0
2 3 46
0
0
0
1 7
3 25 14 41
3 3 39 37
0
0
1 45
1 25
49
0
0
0
0
0
1 13
1 13
2 18 14
0
0
0
1 2
1 21
2 28 22
2 17 31
0
0
1 31
0
2 4 33
0
0
0
1 1
1 1
2 37 3
2 33 14
0
0
2 13 3
0
3 4 17 2
0
0
0
0
0
0
0
2 2 37
1 34
0
2 7 34
2 15 3
0
0
0
0
1 1
42
0
0
2 35 20
0
2 15 30
0
0
2 18 42
4 35 33 42 31
1 38
2 16 41
1 40
1 21
1 25
0
0
0
0
0
0
0
1 18
0
0
0
3 28 34 18
1 10
1 5
1 27
0
0
0
0
1 27
1 17
3 19 28 31
0
0
0
0
0
0
43
0
1 12
0
2 2 43
2 30 39
0
0
0
0
1 20
0
1 29
0
0
1 19
0
0
0
0
0
2 23 24
4 11 41 12 23
0
1 20
2 42 13
1 8
1 43
0
0
0
4 18 29 2 10
0
2 29 41
0
0
0
1 40
0
2 33 28
0
0
0
0
46
2 36 11
1 12
2 42 14
0
1 14
2 3 26
1 35
1 38
1 14
0
0
0
2 25 26
0
3 6 39 26
0
0
1 33
1 6
0
2 24 28
0
0
2 8 23
1 31
0
1 21
1 12
1 17
1 45
0
0
0
0
1 45
0
1 31
1 14
0
0
0
0
0
0
0
0
44
0
0
0
0
0
1 34
0
3 17 14 10
1 40
0
2 14 21
0
0
1 5
0
0
1 9
1 3
0
0
0
0
0
2 10 3
1 39
0
1 16
2 11 21
1 4
2 7 42
0
4 16 4 5 14
2 29 38
0
0
0
0
0
0
0
1 43
0
2 39 36
1 20
44
0
0
0
0
0
0
2 37 10
1 41
0
0
0
2 40 4
0
0
0
1 19
0
1 37
0
0
0
0
0
0
0
0
0
0
1 39
1 4
0
1 14
1 5
0
1 31
0
0
0
1 26
0
0
0
0
1 19
42
0
0
1 34
0
0
0
0
0
0
0
0
0
0
1 11
0
0
0
1 14
1 42
0
0
1 3
0
0
0
0
0
2 17 27
0
1 12
0
0
1 17
0
0
1 10
2 29 24
0
0
1 42
1 10
0
48
0
1 21
1 8
0
0
0
0
0
0
0
1 46
2 6 17
0
0
0
0
0
0
0
0
1 25
0
0
0
0
1 14
0
0
1 15
0
1 16
0
0
0
0
0
0
2 25 1
0
1 30
0
1 25
1 31
1 18
1 1
0
0
0
48
1 28
0
0
3 31 21 45
0
0
0
0
0
0
0
0
0
1 43
0
2 25 2
0
0
1 5
0
0
0
1 16
0
0
0
2 20 44
0
0
0
1 11
0
0
1 48
1 34
0
0
0
0
0
0
1 2
0
0
0
0
0
1 5
50
0
0
0
2 15 3
1 1
0
0
0
0
0
2 12 13
0
0
0
0
1 25
0
0
0
0
0
0
0
0
1 33
0
0
0
1 37
0
0
0
0
0
1 9
1 26
0
0
0
0
0
2 4 2
0
1 18
0
1 37
0
1 18
1 37
0
47
2 21 17
1 41
0
1 44
1 26
0
1 14
0
0
0
0
0
1 47
0
0
0
0
0
0
1 9
0
0
1 1
0
0
0
0
0
1 46
0
1 42
0
1 39
0
2 23 22
0
0
0
0
0
0
0
0
0
1 22
0
0
50
0
0
0
0
0
0
0
2 5 13
0
1 16
1 18
0
0
0
0
0
1 50
1 47
0
0
1 29
0
0
0
1 47
0
1 9
1 26
0
1 13
3 42 37 40
0
0
0
0
0
0
0
1 6
0
0
0
0
0
0
1 3
0
0
0
0
