100
3 3
10 1 20 2 25 3
10 2 30 3 20 1
3 5
10 1 6 2 10 1
5 1 3 2 10 1 3 2 5 1
3 5
10 1 6 2 10 1
5 1 6 2 10 1 6 2 5 1
1 1
5000000 10
5000000 100
3 5
10000000000000000 1 6000000000000000 2 10000000000000000 1
5000000000000000 1 3000000000000000 2 10000000000000000 1 3000000000000000 2 5000000000000000 1
3 5
10000000000000000 1 6000000000000000 2 10000000000000000 1
5000000000000000 1 6000000000000000 2 10000000000000000 1 6000000000000000 2 5000000000000000 1
3 96
4951644190940686 19 4875254877223497 36 4826866837373525 19
84404243253332 36 59136348606937 32 155000939754130 36 218255883965157 36 218409290931584 32 1 19 231832223150864 32 1 16 101206401762280 36 258689749106703 16 186069074700617 32 170296987846244 16 316563612013580 32 60040197390499 19 196591179594330 32 256298809374420 32 123110918292792 36 31327807696157 36 252976356994095 36 205622939067157 36 98850606748851 32 173873861595862 19 46693542531818 36 78933103668520 16 1 19 190465488968500 36 235650364913026 36 199539346686294 32 256890986549560 15 98260417801836 36 264823245187209 32 175273000381660 36 249198429042240 32 246812616443774 16 120664936374136 16 272673197654128 16 137466512138649 32 148759791106056 32 128480210628754 16 1 19 61040937786841 36 167044907607091 36 253302429678599 36 161707776127898 36 209122677795005 36 263886961530686 32 221122562566448 36 180417680843191 19 256428220260391 32 62644157008493 36 112841016099023 36 1 19 255011034750432 36 152975459320021 36 129799180375257 36 108823242001925 19 124357138864318 36 212639923389186 19 212049962612215 36 178308867831642 16 196616824967396 32 166277703260324 16 1 36 38307007465369 32 1 36 109072502996798 19 109411698688584 36 122861348221099 36 135759212784558 36 117186820054473 36 78921029499416 36 137288134176703 19 90444010664713 19 191473261792442 32 114829594243920 32 34990971715354 19 91487320042252 36 225667678358630 19 136475689564162 32 1 32 154138533022774 36 161032449352653 32 228807999653991 19 142673890223164 15 317097013806956 15 46063180609894 36 194642109887044 19 1 15 374702327578383 36 188845053998451 15 226002765684495 36 78898197177922 32 32368925192468 16 235493609726731 36 160112508333873 36 182415802840755 36
3 5
1 72 44475331089566 67 23096852135101 62
12733464269503 75 6488599245276 49 1 57 99052788979712 1 1 13
3 5
97249798070025 73 104633820479879 92 123740958133286 73
67084923012197 73 47512956444678 73 15341198816811 73 1 73 15822038230833 73
3 55
1233756889780103 29 1230116577264794 29 1269342893086788 55
54921290961208 37 77144399149622 55 101497021838881 37 46455044850759 55 54572783235026 55 80814718530795 29 83100969705618 55 58015055292669 34 92521371819150 37 76555349654816 29 69138082467331 55 60246119628373 29 95993664596530 37 38188237208454 55 43131303077997 29 33867208933358 29 55414295852738 55 65027756721990 29 117995322580794 55 54328343868165 55 47228424654267 37 31197203604532 55 72681949961748 37 58783745230481 37 60584263068451 29 30625648202876 29 87239661768574 29 92946523173458 29 69449347844366 29 74647994562236 88 92687240528587 29 46923998712482 55 57846401075784 34 69248848078666 29 55420680508316 37 48313438062359 29 72103553693893 29 68067730615490 88 63783992658199 29 47997292699178 55 65035458061549 37 68258102361144 37 88137514840939 55 80420374188833 55 88719822008813 88 55401176013735 55 72081073024300 55 52656816079268 29 84378327706956 55 75079310625147 34 87267258055266 29 67117887940267 34 76718005741505 29 71295056647234 55 86670474848171 29
3 58
3646142813514237 4 3659869968421522 3 3609839896400987 36
166280580218518 3 232878159746882 99 148656521432749 16 141260188226945 88 223476791032293 4 135975583537648 36 201179508001691 75 186835042455377 28 128423524673489 3 153792793657041 28 141529530182152 99 158454044302092 16 246370869463495 4 250756616844808 75 136506194855080 88 174804409306705 36 164270683398344 4 169149747857314 99 240935987746982 75 116780964555235 36 114028216077980 28 214618557581750 3 167311078396007 88 225530382732503 16 302940415844592 36 209432764108261 28 158954983303819 4 169985879141271 99 174316126490034 16 305494901853028 88 202488303787968 3 222107762730614 75 160004326772873 16 196409681458721 88 187981913889850 3 198309029268812 75 158140192968793 4 134965491419096 99 153782321151173 36 187138369844927 28 244250934081529 3 209629102213269 75 187520351136626 28 164792779177322 99 171850530166815 16 219341764971167 4 162813896712637 36 190597175360054 88 248211928936718 3 239989611648661 16 247503599054548 28 244930546792710 75 168131705306631 99 218565318393228 88 198174016264160 36 162968513898743 4 250531402882206 28 235697581144480 75
3 58
1932309683032697 97 1927983445425099 94 1932866055049049 97
105223988621456 97 106269607485874 94 107515689151121 97 93784573624557 94 88299627906068 94 95872319314433 94 90161418867239 94 96230476827777 97 92435880538214 94 104287232356606 97 103600841760803 97 90731101905523 97 93917926478454 97 108966176944758 97 84459836034824 94 102427646609592 97 89667289880416 97 99686496409402 94 100626755386615 97 110321538836496 94 108233530856972 94 95896109662528 94 95405405622481 94 102202095579668 94 84797126334238 97 103074282579135 94 95998945883064 94 99660178810889 97 101836918067700 94 105298233064267 94 98671947536111 94 102196037042016 97 99813465069930 94 108120748325874 94 107387801174345 94 111296971935137 94 107725243601223 94 107115565868568 94 108476221421608 94 102766990259088 94 96480624461440 94 115940941694849 94 103305615161273 94 110170338354342 94 108040742207095 97 102366708651260 94 103044031340426 97 97816629659576 94 107258066504759 94 105769627259093 94 108807852798555 94 92806359576196 94 95293479966641 97 80102860474864 94 101659821865293 94 93396961298096 94 101614262384769 97 96731878099732 94
3 73
5857093379016552 13 5784509230630422 13 5951047297177302 13
207526754354169 13 321415638605145 13 308572998452371 13 411753133096841 76 157417873756367 13 222159058231983 13 310280077350480 44 202638494978680 76 400244537329020 18 200332034189556 44 171436840486420 44 235229784047269 44 184888258496926 44 363228630050462 13 203010360960411 18 197786206356401 18 279531945768049 83 87036777276238 13 350191465790728 18 386440728394229 13 186581297356999 13 332926645375129 76 312523933969754 13 161775627231244 13 181587168681784 13 294079748023454 13 311622813044563 44 114515102481579 76 319228149352751 44 125182744147729 44 127684453821506 76 114160218951410 13 284109807584957 76 311463653685968 76 235526532046795 13 248639497772635 44 388111588374107 18 218997993483226 76 301974551989452 76 249089737776754 44 35316493992361 83 225530727557722 44 353476508569290 13 297126365586894 44 229652110751863 13 244789375096210 83 229069641173420 76 287786180666774 76 193375285180555 18 253265278926204 18 112092026349393 76 140008609983420 18 238401336916853 13 347828483237004 76 247936599242149 44 283577212250420 13 239355981437474 44 286081391741412 44 222690435798090 13 158048552049607 44 335809228575453 44 249301999310421 18 226211557778319 83 327839287749009 13 234869371904017 18 252203995597980 44 213853082606663 13 210934163517421 44 189794413165934 13 256152124712542 13 208356475418927 76 302009827569213 13 183989738525531 13
3 71
1958425645190290 18 1984959711581000 32 1927502647677609 36
142848230983379 90 48347386759231 24 154430407713747 93 84336798806478 56 1 51 139040660368063 37 81190171708654 58 146487223544255 55 42904360452122 99 59989658959178 34 206227976046735 29 45315311537229 9 161084144007263 95 31682934700335 18 190502632041645 35 92259581419205 12 1 63 133331854333575 40 116818349080955 85 152568483598232 27 138314606668099 67 67062068359666 88 131767870589387 57 97641334778907 77 103072320216968 69 133005621008376 15 164288749792362 20 87095307284447 48 86945222837293 61 61781997613320 74 106343974607670 32 137168898259335 3 159003017369410 64 124588171422405 49 132126493018723 6 145181338176916 65 77388054000433 45 77168684034509 7 48092325023521 2 162385985982870 25 149342868967387 59 84987013653075 83 23013146692287 50 384605776422 44 125509206603811 62 30977388285972 96 68165904996650 42 25779109400748 66 147107627577401 39 103288454793740 36 98655890259051 94 112794725802583 5 149773239673949 100 142749655978706 92 73841923876438 84 86027430917659 70 193625262224861 1 126197348637487 13 83385319382601 10 94843941875453 54 78409743060708 30 134716662565176 33 16028913117457 82 136440750680031 91 68499860549363 14 32799841091452 31 63340941768766 76 75000881987479 98 119301547094239 47 72776970507591 41 135297816686410 43
3 9
308607401189020 33 288999715321763 38 303425678633065 33
96853823766765 33 121121367734676 38 56715132206313 38 111037724895387 38 79977066160325 33 91567074610293 38 115582705843966 33 109420921920137 38 102897031475096 33
3 61
1379276516716884 72 1377366076638626 9 1480081907621837 9
15936638663249 92 24795254801161 92 86041585241803 1 116159838364204 72 100682237586768 92 31918124136251 92 95747748101426 92 109414930423912 72 19033624564036 9 50915272868887 72 48597443093117 1 106219989615107 1 78242324723822 72 110449754888268 9 40033954352310 26 116738505145828 72 41988927688173 92 22188281519072 9 157082156014209 92 70680235047630 9 70499396679078 9 27908531032465 1 132053299389304 9 48976111945633 72 12071918918102 9 69754730833445 72 105514068957505 1 70363867022026 72 1 9 32624306367242 92 126234316844934 26 61037235426460 72 64913290211547 92 115887267692643 1 1 72 82716512838403 1 101457208678018 26 115662063578293 72 82104602999609 72 109027992894404 92 87330995879532 72 49103199487665 1 61029547917523 72 96913169032518 1 1 92 45913535187128 72 141963907679724 92 102836091862244 72 35599352392226 92 101566547803333 72 54409325058724 1 95505681204950 1 65411536826314 9 84414350223494 1 128237296013143 72 64159006688049 92 1 72 93291497893761 92 78942079091762 92 60024140626277 72 68800748080864 9
3 96
9413933825015158 16 9410712628787380 51 9456187000499332 63
369057083684687 82 351306651512577 2 324266879231464 58 281218137677789 63 254631918694354 67 345943378996007 23 283607628560583 24 277835920702326 75 368610427987028 40 192086311308559 51 262926374347519 4 273663959756112 83 273025431501050 16 320839968574203 34 273239996202227 96 243662703973232 65 258231991354774 17 230026860394050 75 356917625291778 2 204457131131873 63 263203755924688 82 320187025153756 17 195523579741956 58 304778223992854 40 273080104766261 67 270365523259626 34 168936802725495 23 395849651158339 16 305581727360217 4 205142589778898 24 185490750211451 83 205388156923624 96 274067344316042 65 281914433581730 51 321658090733050 96 132179772807573 82 393026926907421 16 322433865262501 63 361748777263497 83 286650630659501 23 217442676445640 34 398387951514734 2 118019664702095 67 346670775442538 75 280268784461575 17 411422269103298 4 307990604184107 40 327409692675992 51 311497306243406 65 302822403075644 58 257895587724902 24 321116678252800 82 354987528216357 63 387143941665575 16 250715327044851 65 342393709226454 58 377517659002641 4 228531316736180 2 283038191764655 24 355067420373569 67 312562714783621 75 462906506022298 96 273848659868028 23 304726722931658 83 373211194992344 17 177201685251848 40 153277152485510 34 328366479348247 51 317595438456915 51 403248681683560 75 302676560790695 83 312066823187862 63 240111307742121 34 372518651330059 96 327420229443809 2 306536689124648 58 345024161316883 82 255893286520117 65 271377251511580 67 366777969399530 16 181233965866637 40 356259730596909 4 278841666822330 23 424842997240095 24 160710987903711 17 400445380212467 2 231447022791304 58 265570101690391 96 418090511501257 16 298301935963556 24 374770111708370 67 288743324054778 34 292925484295139 75 339865160963907 83 307839467616133 4 345948126907349 82
3 58
584004606994157 42 574180075475702 49 593260280545482 42
36616183063409 42 52481347889312 49 17325292010004 42 44223967789300 49 51948144341808 42 38208053347629 49 48533566291094 49 36654477677773 42 14453716448860 42 33641424144567 49 33879094868865 49 44943520430754 42 46939944002273 42 41561770110411 49 18455861255873 42 17342057634489 42 45404410968261 49 44445919919288 42 25898437165042 42 41477161254086 49 14420896635119 42 47410988238118 42 20630516257930 42 41378959757314 49 13940742858035 49 38852849146405 42 55667171520294 42 34886988686025 42 58049420930484 49 22070284902796 42 39497595379408 49 60939478515772 49 21555595564713 49 57251150538081 42 16742428612803 49 11552511057680 49 27203361384315 42 18280942618018 49 44667097840768 49 23337827047317 49 40330245729270 42 58059613147552 49 49200500344293 49 19718864330430 42 20044111973347 49 52254995736597 42 27698480596933 49 60612652346199 49 33924421932451 42 21814084726398 49 20041943953945 42 12161421660256 42 6345062704178 42 1 49 16773129717371 49 1918521790825 49 36913552400330 42 66659139097652 42
3 25
418696254448165 50 456570005953293 36 474686436041464 56
58438863313214 26 68798011755884 92 228784739046854 92 1 92 90294260876110 92 1 92 30537205897172 92 48688574888485 26 13162123009562 50 1 36 84679841026067 26 94096253709209 56 118509864528058 26 32357193299354 36 183127578166225 56 29131724392379 92 1 26 121463549896154 92 21784930873910 92 1 92 80515945324620 56 168357001396377 26 77577938602953 50 10820787121738 92 51013068230626 56
3 62
4413319974508262 66 4291601167056516 51 4343523890526310 25
48490631153523 44 119234797614095 9 163911267396195 17 141901286228900 25 177305060668589 50 215095923159002 69 208709427417629 11 211611318868454 89 155545949791510 96 182297854372648 97 135707140037135 77 219730240224573 36 244584766424549 7 180884889531283 75 193202615697819 81 191626504375203 92 199568365075991 88 202107560862268 78 162584418253979 1 280937135083535 91 214468661682999 56 195481059086211 52 298104956679837 34 258782344607546 71 188387664597338 23 204341719512650 66 133169697250427 98 176163920665668 6 232892509199678 13 173399706042273 99 193460429057193 5 283452336426542 19 170784091239167 30 187785384129079 51 258020249923874 24 76766465197249 83 300758025203614 53 207965174473424 90 191786182437827 14 262646182002951 87 188048126543321 79 178710573059125 49 263005972478456 8 157350026863690 20 218701525086462 93 241347757571616 85 287270861021224 12 267644107571874 84 150659632837393 60 195369062795516 2 214184847066085 63 340551976114243 22 178821179758072 48 203072662064296 65 279678874656758 95 244243469739549 28 280590672333879 29 204582636946061 32 293214027404246 100 134593150350129 18 224033723555872 61 230567717952911 39
3 3
279041780293696 5 207917551159474 45 244267690916489 5
271239905536424 5 333029733762510 45 295986204273513 5
3 33
505987518630659 5 524476766748168 50 497195972478475 50
12593649894495 50 76565559631176 5 1 67 1 50 21138252829729 50 1 10 32821432770171 43 144058567157902 50 91611897453871 43 1 10 83497800866703 5 17659154617119 43 107362624193177 50 39999093202222 50 64356006877279 10 140154169639523 50 58863026620232 50 64008542540587 50 18815762854042 10 132530375362032 50 72103696582794 10 1 50 2195573296825 50 63407910470845 5 11652815384332 67 57359275575330 50 29998725870049 50 105560759745975 50 1 10 82384041418396 50 41989505951290 67 43689831752808 5 141291175567387 50
3 70
2496877195061710 9 2288461199693584 45 2224278953546861 24
20188377391622 78 130334274053324 25 11509104172451 61 245325970218944 13 76137300656031 88 90777972320133 74 9779597552932 33 1 36 103335073989606 83 1 76 1207391606369 89 43288791191591 17 76834667445283 99 125188864490130 81 49998464539392 24 1153195049766 12 1 49 1 59 1 45 125108977222847 42 1 71 214864744950073 27 78609366746981 73 209674949066113 62 1 4 105028638894072 53 1 32 53293066705866 18 225992830942377 43 278706018605383 51 60617013942142 85 1 23 118846462606168 93 83549760290606 14 43323877505084 29 7155469866534 91 245715468657729 92 133886233015729 16 1 3 18710733398526 2 272447339661362 30 148620705604605 48 216242755523966 34 67059229928250 37 100609906298912 9 123217726508011 65 166996133306176 87 124939345859001 20 1 96 111910106840201 94 94348062973422 8 196791136779954 31 162058544586377 58 176156798648038 22 177591387606866 80 172015585246022 97 109062088305747 6 111234119219181 57 308198386949692 11 213326926917345 44 238837377746688 35 153895513421206 38 211787649352859 82 119185904690230 54 173583594633476 64 1 64 103445472782461 87 178365562571659 94 78174748923328 57 2746686610686 23
3 63
242858524551534 42 268091527996066 85 266572742211057 42
37790928024108 42 26983137281228 85 1 85 20991210240109 42 1 42 1 85 18560103528618 42 16076869345597 85 42668959841238 42 18083776174938 85 5400463660592 42 4294345849710 85 12738137672534 85 15117387961255 42 49762797835142 42 1 42 51312563638549 85 39112971520826 85 14920427828298 85 16148773853753 42 1 85 16616513688924 42 5133796912179 85 22267127284239 42 25183330175268 42 13384015773185 85 14132854672492 42 11873937152080 42 1 42 27932790504161 85 1 85 3172230116145 42 48741737851957 85 1 85 44596440475459 42 25955905265448 85 31902273957064 85 26159736548172 42 1 85 20245928594048 85 33594068002176 42 1 85 1816713199901 85 1 85 7625006895541 42 35506089948720 85 1 85 1 85 12189331716730 85 1 85 1 85 34354485011415 42 1 85 15847529156694 42 31599441641697 85 17994571618654 85 20331505763659 85 1 42 25761668199984 42 1 42 1 85 4601440028154 42 38975758325163 85
3 80
804143806905444 41 813294820934914 72 850563458651708 91
1 72 52241910160381 41 12291204132957 87 1 72 1 76 1 87 1 72 136181836218755 72 1 87 1 72 66526856356680 72 106752570509827 87 7356332958592 87 1 72 151858807841442 72 77233279782363 76 59871816713379 72 60705519081793 87 8131382114594 72 57593987826535 87 110741467650420 91 74307011895610 72 1 91 52302443629180 72 77266511938670 91 1 91 154475821405672 87 9539042686795 87 88625076459686 91 1 87 37195109942915 41 84548796759487 87 21953493520102 87 18742904124030 72 66928557990697 72 21376995859963 72 17467850624835 41 21063012136373 41 10223312273327 87 53629782603343 76 88430002566620 87 1 91 95996070594291 91 121342150434117 91 29868336845216 72 1 91 11031578733415 72 31366482605660 41 117517306331574 76 61348061310170 91 36555227497178 91 137292883673314 91 4990510396755 91 14953728853855 72 1 91 61137178893585 91 22128691307205 72 93462048843935 72 136356518990594 72 46763527109976 91 107300999624918 91 1 72 16663737577362 91 105715126008389 91 1 91 1 87 1 41 669069710379 72 57068644968532 72 126835430934135 91 81635147842341 41 1 72 49020123428983 91 50061061960349 91 59423138324570 91 94086937159362 72 8993788611762 91 31405933355026 72 54468147939756 72 54815782426458 72
3 63
77766895903860 27 214093972754159 44 143116099843837 72
84059685046683 34 1 92 1 30 71802314349421 68 5394784361180 37 1 88 18404467799473 1 1 50 1 21 43838369725899 99 1 72 1 28 43596182060872 26 1 8 1 44 21362991941838 27 1 77 14510211667860 66 69045767377506 24 5759163390238 24 86056271794996 26 15692194273327 68 90059545225692 92 1 30 115980206593567 8 79411206683840 28 134588224012187 77 70799264522626 72 54405813555410 1 53865918602883 34 85071145235324 44 4889960734842 88 2209450538262 99 95026258636096 27 43188018073223 37 27491391989885 50 1 21 57131853779177 66 75601219891865 24 17871090231168 26 16103334946323 99 71778581534221 88 1 37 84801994874617 34 17152752945868 1 1 68 1 28 23355668996630 50 1 21 21247487142351 27 1 72 35504481221585 92 1 66 15316571248651 8 1 30 1 44 35096172439012 77 42928001209157 21 59254145215584 1 1 66 89680158946501 72 66173111042967 34 76516054492958 30
3 48
4801340814357752 80 4783067246553793 92 4827930325623942 80
401481088976831 92 291538550544122 80 354408061087719 80 289442370023863 80 323585886667234 80 150020548686964 80 324186386882891 80 312105249272847 80 249542424029178 80 210385681313779 80 248070756054746 80 351001749121111 80 248548289495940 80 315387783901334 80 254037949483202 92 229283740789858 80 299303564357369 80 132861212046243 80 189967905347369 80 161884446136244 80 341136714335353 80 388458306493836 92 334997129390247 80 288723472174827 92 200418383057416 80 300019951809842 80 342231969865990 80 184734671411776 92 307379567070893 80 408523880130168 80 146827314481806 80 489353282508673 80 387712755009542 80 194515718038055 80 364044026520763 80 231848983886214 80 478912335345278 80 403289868113294 80 224220247579396 92 176602175824145 80 275664495299188 80 435043000971462 80 196772215677668 80 346275575414909 80 301997030786174 80 329291263436373 80 263802993364284 80 289100946450682 80
3 58
2958230638357630 31 2908258272801234 8 2953971043043296 8
136871360048248 8 162042223973443 8 156593560417083 31 97958005622529 63 100131496523956 31 140931278688050 31 119108973567682 31 140728793821190 31 216327469178131 8 157775815099430 31 153865177854325 31 147788393343114 31 105524135845948 31 164791193453160 31 139665951256091 31 194276218953225 8 134642729752035 31 180863389757125 63 221300595393209 8 111203986734090 31 195275694256834 79 149852794970662 63 134085194303697 79 229883402687820 63 129215795643570 79 101946876969588 31 106259113718835 63 101858315853466 31 147968233884326 8 146762200634884 8 185908424123345 10 175848706423273 63 177975945716963 8 42238867483701 31 207031319410869 31 150133723919837 63 146525291882506 31 137861049728384 31 191632343240205 63 145844308381802 31 211374542914895 31 104537623193244 31 145473434550134 79 175348447478371 63 130829818342735 8 144276950714042 31 86056658828352 8 140234698274003 8 208706173200093 31 90666847017310 10 78125415430952 63 138047583264365 8 97290916320143 31 190317428251555 31 158148892834611 10 206139659365896 79 162926440850904 63 97006201775840 79
3 83
1753214527801225 55 2030142716382724 70 1994518110320484 58
65660788025015 8 1 88 4867598682222 66 159678788869649 58 230480274436116 1 181735302572485 18 120137653346338 80 31174919297025 63 96654330937380 30 74785193503406 10 5157617749133 12 1 100 61510502690858 2 131132990413165 61 69548374726154 70 76211421429837 50 1 44 100600767096901 81 174415719921014 22 1 7 104101170826527 57 86712551793016 43 67570379973842 33 1 96 1 55 1 14 214467545054307 68 27111859400632 8 215341946148039 70 204596312161208 80 103722375660172 88 89557711949082 58 186699997807003 7 190413912867792 96 218463349957392 2 1 57 335654728692589 63 7115152069435 55 3115831699453 12 186571903459986 10 17730631416446 33 1 18 166959309519167 68 38441293655800 22 20096023228014 1 29225249913362 61 59127756900925 44 118395912608791 30 1 14 80416940709710 81 200979104485696 100 43700677028137 50 47842261963929 66 1 43 181830702072120 1 40905786025279 58 19587000797335 12 1 8 106910538520088 7 71545719015364 81 299149263864939 63 91264714351046 10 1 44 5176555641798 61 563753672256 30 1 2 1 68 149114973429819 57 174514467827772 33 1 43 1 80 22144803397305 50 15023983143978 18 107050108302257 14 191494494639660 88 179442830779384 96 152025458853390 55 212929338835516 70 74341957243113 66 1 22 26485504371906 100 1 14 92142232611481 96
3 96
5789806479020117 76 5794172147961951 77 5756550173189876 76
207704410253199 76 156946719022793 77 145273464313198 76 242575672762847 76 179592721441146 76 178705841186246 77 251528367472580 76 196048394119962 77 173947371702546 76 189426347138320 76 174514310393540 76 115938973241455 76 209938025836030 76 153690630430364 76 190582753391921 76 171365722757027 77 112352225425016 77 203979518818964 76 154822150177882 77 170156621024795 76 179907856847304 77 209743550615819 76 118822530033660 77 200923937626182 76 212040837992201 76 196627259110036 76 152842910929659 77 201873156452283 76 155853047555373 76 112630458130112 76 184872480621968 76 230968279952701 76 192311348195715 76 138551840247204 77 120713186098666 76 115003680875594 76 254476106382150 76 249804900889758 77 179127421729671 77 193941341997571 76 172350156243558 76 182417908875664 76 207250782442742 77 216500854372869 76 163731940087496 76 181167443805959 76 204081051902805 77 150427758159255 77 198818913857473 77 170185105257276 76 256828471985171 77 188009074421877 76 229963360352870 76 206334893976065 76 138826678016604 76 160338750000568 77 185799444179855 76 210648814521124 76 96113228726791 77 179655103811204 77 200389882807321 77 179169102391412 77 138615664194091 76 186844336167887 77 245849683154879 76 184033802214808 77 154706351523835 77 226506456217025 77 222035169720958 77 198209631659563 76 95608678243206 77 126919143526951 77 113436611280227 77 174955741150662 77 121697619912334 76 149052128263660 77 178951234760426 76 184413639001428 76 162668081489972 76 160387962278644 76 178896924625017 76 135836712123958 77 201682248979725 76 146117259629933 76 135438669602200 76 196067711331598 77 210099736765779 76 157563282497478 76 172488466310013 77 181805981921277 76 143484263217031 77 155153545835527 76 211190627376523 76 163291860382186 76 180144454210909 77 176860591129576 76
3 32
2071959559404018 28 1802462929880995 83 1978072470483056 38
145719704789845 79 119095139159867 28 157932385890592 28 145962013248811 79 222815825424543 79 212014662218329 28 89823507543978 83 74959423709592 79 191698114707003 76 235598090411531 38 219074467195115 28 144699670154914 28 100192814217939 38 148431128987172 28 132405454094298 28 252307437639720 28 256312705998061 28 196567372171609 79 199949096758597 79 231602532163304 28 166848565673691 76 122781897947568 79 176827523416342 79 188200852302343 83 300746171911542 28 230490042034007 38 143108362831997 83 160935599747032 79 102858721676538 28 188077311673254 28 110861332945623 79 94308247370884 76
3 15
1439099469364673 59 1470388097709612 3 1397493916693562 97
245826285857576 50 275301456085424 23 282242869255902 4 333692799583051 58 279113803474869 22 337838496190220 64 291273013916887 55 288682133820502 69 240256610926019 85 258191392726684 96 305370453470764 90 328082514571812 70 288345539361222 86 288255860083662 29 331089286236207 88
3 11
882257449374438 90 780410876158543 19 910541809255058 90
410815317742629 90 272604483433467 90 180181562975180 90 278261804363294 90 221578493621580 90 387029463136483 90 277742156296369 19 182938483749181 90 245055301790972 90 228708267152000 90 226494688905832 90
3 71
288074620695465 87 294935034539157 94 237724556888996 87
137116768814527 94 20435960182036 4 30200965362340 87 1 87 57916493168996 25 1 25 115322167121393 25 61257407539042 87 1 87 1 87 1 87 62824584603083 11 100055734430823 87 1 25 59475427621286 11 6939459827212 4 114092534719319 94 1 11 69811287898986 87 1 87 67634824353704 87 35988870714622 94 1 94 36185741430237 94 1 87 4980872710814 87 1 87 64538730900691 25 1 87 45356558027052 25 50161288920541 87 101704844660405 94 47833697486277 87 1 87 20734327397138 4 13973906950546 87 41342148284646 11 82844935581819 4 76352746164397 94 1 94 32287958970903 25 1 25 44355357726499 4 1 25 87955513627395 94 114437070838979 25 1 94 38329560303469 87 34709397513798 4 1 11 11034486604754 87 10907770420958 25 15867762761583 94 4098940793344 87 106016922470296 11 46445698591203 87 27948464331712 25 1 25 5967698328655 94 1 25 35593086579046 94 71860818156770 25 1910177341819 87 1 25 1 94 23227454727359 87 26265570356773 4 13142192051930 94 1 87 1 11 21800576180584 11
3 55
345546944471826 63 434012070228898 69 309479428014056 41
1 34 93703603745334 6 1 14 1 93 1 80 1 35 1 20 107438434578753 16 5095119234488 29 37636413714977 52 1 44 1 47 1 77 162130086709547 64 137122588115941 48 1 63 86243814375028 65 1 37 40929754027445 75 1 2 43501186706010 55 128373999343926 13 1 69 13530410242641 28 28853619956994 82 5543325244800 53 91682925615355 36 51194235161178 3 1 61 1 85 166137829917 90 50008940767609 51 32963128184841 66 53515688758524 1 97982368917787 41 70665560227287 13 51526615954939 63 160518850118791 37 1 34 79484356159225 20 46026528485434 51 132076338938023 77 27385512934107 29 1 66 45555178943249 47 1 14 145662595683315 65 1 6 1 85 141877461650646 35 1 69 1 44 131206487181462 1 65993199181915 41 94012847954357 28
3 79
7549478109416294 65 7545240953197366 17 7553587303622582 65
282529567349450 65 281730918117863 65 279405244959414 65 290032399091245 65 281107827874341 65 288208510168559 65 288559477557422 65 288483143039737 65 283564462202336 65 291291428477135 65 276837054144642 65 288868079746179 65 289915780829596 65 277473759313796 65 287720669374159 65 285944024791436 65 294227816944850 65 280096794400398 65 280392023562124 65 291460374446267 65 290355011233756 65 277866120209924 65 279214511442420 65 302031626067292 65 271814036174030 65 289011335792246 65 291224870303721 65 286525196785172 65 278076314226073 65 281601568194689 65 283287879371498 65 294290142582198 65 279838842034751 65 273608473132432 65 288798382166328 65 286774861432702 65 284698574291778 65 288891320736578 65 288797319913999 65 287272564218765 65 287769980670471 65 289429687078346 65 292851172049970 65 279347548921044 65 287908488408425 65 278783235402798 65 279152089380699 65 281193988481819 65 288076693820988 65 287182515196446 65 290978864513534 65 275665292033992 65 282278787320907 65 293911358224527 65 293302585187795 65 285005649437991 65 286964192174965 65 282779964282452 65 283034014537297 65 280862030861404 65 284022665460064 65 292636636425128 65 284161046647025 65 282531851083680 65 281308753554573 65 286257200869995 65 288136536025349 65 293886307059077 65 285010036497057 65 283941392456095 65 288133943567730 65 272097790165948 65 290071527835373 17 288813237677598 65 292184217029126 65 288131391222910 65 280540581232175 65 279260627210551 65 287454796820666 65
3 25
1832689230102197 78 1970124684214870 88 1721116937499888 10
197788771725007 10 251448489679936 78 316821114133948 54 132382839322488 78 340301234174978 3 170193922204686 78 191387303125749 54 145683780433082 88 269082105300878 3 173717590132153 88 187069270178678 10 319040582372968 54 327911268255745 78 292220731181129 54 306986654732979 78 199760995204555 54 278006245175180 78 195869256310814 88 196719982908468 54 306060815817850 3 234961852274837 54 327641982736423 78 234359305326296 54 186506677785436 10 359698372289227 78
3 94
5524351367957923 22 5489504358704909 74 5602821417267995 46
244113546861705 6 270373620972297 42 168229833892420 22 77259395184800 26 75323006439474 74 224640302588122 96 265509554854581 94 264972967760413 82 123247088195983 46 204355198447946 45 146744971965407 94 103996991380360 6 189484682653951 42 317758324774120 82 152305938122683 45 270376563681290 96 283272556520845 74 140952524208671 22 212493802890043 46 234298131338385 26 251181524655244 94 136269047675559 82 99245828300497 96 333917576762200 6 297037332711900 45 148746498725306 42 191196672845671 26 308097944097994 22 215026390713169 46 107056861390729 74 249271552900016 82 5827904144291 45 292443835124125 6 280001567297477 22 239280362793417 94 115891279747026 42 51582746316393 26 185838226209781 46 273152240663849 96 171878575340950 74 169522450527933 22 178245064996371 45 244208108967505 82 120059876309405 96 341871217387385 94 319505322396305 46 232120818527419 42 297676229355828 6 63817988250556 74 228456258408816 26 171427669352889 45 232971821094484 26 226878949517015 22 265242996567993 96 124806495395690 46 211408393925661 42 122035126620909 6 151769837791265 74 126547467280397 94 85663229385813 82 83845891715324 26 272077328444772 42 60784894047518 74 236143610299350 22 227435729768998 96 136346949811377 6 272429906176217 94 165498253900856 45 201491956691687 46 68891396937826 82 227848919595598 74 122863480507345 82 151280065233631 6 227245484794360 45 121482417894657 26 166727680062067 22 294820130475545 94 161144315729208 46 104233221812934 42 163386583723330 96 82472468405365 74 175344842480258 6 169970541885212 94 186308998873279 45 72952958258991 96 214874136902180 26 120137755302249 82 213186954078618 22 1 46 188457867229610 42 187359647884046 82 197441635561549 6 63407525403784 42 239907406904537 26
3 53
4235980773186563 27 4251984013098377 36 4242973178711693 27
242026924033762 27 240015955771118 36 233757867816157 36 238519906314061 36 230500815966786 36 243667144523434 36 240763281191644 36 233434720328083 36 234549964953510 36 238853469742733 36 231461559465056 36 238834861687375 36 237787239493869 36 241797623022481 36 236010514541940 27 240807503781483 36 239996684876310 36 243834945741735 36 243661403249334 27 237552239743139 36 239717394524844 36 250727807141149 27 240728548899506 36 243199440512305 36 235418033181865 27 238832291792544 27 238257784670181 36 233106890465362 27 236546041241575 36 235231950034055 36 241121400768083 36 239421525803221 36 247182377112112 36 248267103524101 27 237563570850508 36 228788542882035 36 233451652908512 36 238039397074681 27 243300935279862 36 236443928521440 36 236409641529790 36 247598790494518 36 242076278998877 36 235000641672155 36 236261848116832 27 237926119950202 27 232687654428791 36 247133090330391 36 243931259170756 36 236911936792282 36 238233043234861 36 244020264751621 36 240984552023457 27
3 50
3208197528958228 84 3211453461525729 84 3215451953835549 42
195401697051314 42 194575068762585 42 196477874526718 42 194565346745999 24 195080948960875 84 200829340432719 84 184763814197146 58 195335063178765 24 192991508931828 24 190592681178696 42 196393551302469 24 200703635927746 24 198052665097341 42 183569221764896 42 195699014451799 24 190416735109649 84 184443597652124 24 184452348516459 42 188716354069524 58 200506900598269 24 185683157422150 61 179143023308220 84 196580543216115 84 201909420167101 84 203556880619709 24 192658650376912 42 193589252339941 42 189080718889507 24 192458692493518 61 193789814307642 84 193018434877085 42 183627636931049 24 195501801114843 42 195078801582145 61 188911700729462 24 191282374129808 42 187001124873208 24 189591526862379 42 190385087948958 42 189496233573302 24 189348904670682 58 199169824413480 24 180740578386618 42 192729162592438 24 192926370360031 84 194393765043711 58 195422250858463 84 189468674615659 84 194622900009627 84 195547714798213 24
3 88
3488094198049442 93 3299610833203935 13 3419805923586534 49
70790456614595 46 164109535665692 77 109706791943552 93 131168517192270 76 28366151476380 58 84548170356262 80 147996581530472 61 156832339336476 75 149156674257810 13 22316786737892 70 93281076508497 64 118409245325616 5 195932915774861 1 92666545275015 31 242816882281954 24 83201110013294 71 197192418811030 94 174772556190744 41 102345572377413 74 65966751054094 49 117263527187795 81 118126035673135 38 140618787505966 41 253602945478022 64 143363490394031 74 112134282224959 5 78365349395970 80 68877491650578 13 125177739610761 70 139982491968963 76 105511931354335 75 205172291001766 46 153555557459069 61 120369708607415 58 171666757317489 94 1 38 90963545114935 81 185886729750977 93 119844792274456 1 161840345009430 49 187670786693805 31 91719316421255 24 40374272627247 71 151753379213621 77 82511797054528 24 180524354868469 31 26106023022615 93 56430785705157 76 144013535039187 75 191066385827910 1 32097828075200 41 172039744698733 13 91289651795883 38 50956006782070 74 166711647862930 94 120682973796855 58 156339011975386 71 177361515190449 5 100812441421063 64 54540541143464 61 213873203567562 81 57631633316409 77 94920252397934 70 161524435805515 80 99944876798492 46 103942854556341 49 1 64 114842381882523 71 170029765756797 74 178240446751550 24 83391986485362 80 198414410300558 75 72101132599832 77 1 38 140833371464939 41 97663974949590 13 194904108568371 46 26808824471581 94 201615280138989 76 98353638544270 31 83399374422259 49 142598867337203 5 73170527534911 58 43685617899499 1 180152833468240 81 123445820114426 93 1 61 79801279117928 70
3 89
1000293382541296 41 976540699680603 5 866898629749729 41
74403729243162 5 12707013251636 41 43647996909746 5 76303051120166 5 1 41 60054284975406 41 61059079026568 5 55705605597384 5 12845709820309 41 25574987541534 5 106906393178125 5 8304204670405 41 47349193786102 41 1 41 176696171264261 5 93426057062826 5 1 5 119155635541130 5 10999169181072 5 121912112168715 5 77918343019334 41 115681168603634 41 127803428846518 5 1 5 21520416954414 5 23658093349622 5 158415920055026 5 1 41 60438158275931 5 42744154652534 5 1 5 69801197321353 5 8609281179417 41 100726656037350 41 122559330426917 5 56608604144352 5 69526604935030 5 1 5 26930830657395 5 63063045563666 41 1 5 1 41 89999353194856 5 104016174441197 5 14298239597534 41 115429596493007 5 1 5 1 5 11646530450696 41 27278512963170 5 985863069342 5 77188570149318 5 110883754941203 41 163639874543816 5 75364822956685 5 67685969646365 5 203248490081365 5 3787888559663 5 45346320758256 5 102855041408813 41 8238015987878 5 94889648147803 5 17518391823748 5 148381357571942 5 86386650638101 5 12354148729960 5 18862805639098 5 1 5 99669540515432 5 3610714950742 5 87530634076141 5 22986789116466 5 1 5 80073314229697 5 36461936154480 41 89936198140598 5 1 5 90861781421770 41 138905298463765 5 89855658611436 5 1 5 76688182691805 41 16323975268752 5 78061421312784 5 99594284191503 5 1 41 32605965543011 5 1 5 66555535773140 41
3 99
7636608299540581 31 7740928507764316 75 7761205342305303 8
110589060454107 75 157503979909386 57 276764856647139 8 288942360990095 31 245256066959281 8 196025064163308 31 359603860621471 31 373646041518121 75 221337289366998 75 328516031487874 31 248638071421407 8 179848372099114 57 156525384295851 8 165016474992825 75 215857940182891 31 241129358907637 75 215896713709572 8 94002904371807 75 162706333234717 31 97870977491020 58 337764271103800 8 233829269003478 57 206166284359416 58 246518655986288 58 144022819148329 75 160462306763784 75 261139830818476 57 54794617672919 8 292966944694779 58 202399969584712 57 218071409810568 75 207728147171023 58 233806263298697 8 172705543039399 75 34708603747371 8 222185630132023 75 166528963779588 75 207120113363311 8 175169997101587 31 207763126951871 31 221847375039258 75 320724266028232 31 249760928648845 75 211528682656305 31 357535964615964 8 192124352010396 31 318694448621846 31 210072695188269 8 172166192401350 75 253458727404244 8 203721175123224 58 187884865308994 8 471517198693764 8 385049925077518 8 166096120523078 8 272385660697473 75 181222372729695 75 276678387436835 75 185671137189223 57 231691111890081 31 84308698774018 75 308472741052330 57 284663458202328 31 366657555262494 58 118751122063258 75 264455673605352 75 268783288045991 31 289318548803340 75 299408471328637 8 223499378907843 75 58082663931017 31 321137270998410 58 251783040044549 8 242389878608510 8 315243710314876 8 323361750885480 57 161551574361173 58 165925362446285 58 330224333533366 8 314006149525974 8 274158063584188 8 233694350829743 31 240059298146525 31 463118814129980 8 299654691850516 58 166073427400103 58 178178598013806 75 242103235149749 8 146954917453395 8 76434925160571 75 122353318915618 31 390306626541141 31 392557468857528 58 251285580261479 8 110299330436551 75 256201896706934 75 224882602505478 31 272366034766651 58 210264636053912 75
3 100
1476000258904095 68 1472675444906858 45 1472897446003553 38
46877126618195 20 45729183527173 39 43282205873403 26 43385272759407 37 45676170823453 98 42165480753845 66 47046003016802 67 45638886147693 87 41406505645711 13 44260335244537 50 41059855338889 56 43272652541526 72 44364074990086 63 43365988735971 31 44361788467867 27 42972230281907 45 43775297219538 65 43313879152846 17 44637186815672 51 44006869571972 68 43599550757587 38 43860150230560 7 47280269360352 96 45102473937269 63 43553356439523 17 44039388837642 96 44157772096052 87 48113961748369 37 44223711513732 67 44222414603251 68 45756967218860 27 44488665440185 65 44636587602109 38 44428763862133 51 43531113604280 26 47011149331509 72 43063065626463 20 41525132638871 56 46119786145951 45 43425959473595 50 42179471535031 31 43333996315987 98 45270127934674 7 40675884034872 66 43787333461660 39 44919553775229 13 41847901754728 26 45438655257645 96 44891233355276 51 44470069043044 7 45090225790515 67 43547433787492 72 44380342302972 20 43172733904678 66 43275878753401 37 44622332803272 68 44246836968771 50 45558979167602 87 44940936002714 45 43320234896418 38 42263520927118 13 43870356253121 56 44088733350633 17 44127559023169 31 44119301487389 39 42722125000131 27 45967085438007 65 44595159855451 63 45419624050403 98 46459249964978 96 43867051471263 63 47603626754033 98 44106124378001 68 43919333664018 17 43829924156179 13 45967420002558 65 43579226475734 26 44388703629691 50 44927597987701 72 42763525008293 20 43940434030602 38 45680078652028 67 44769613586484 39 42159052323982 37 43162723117432 31 45836504916280 66 47180912996441 7 44788226365854 27 44995347490631 51 40699104971732 87 44366865387352 45 43939233698010 56 44974826905444 72 44983981434025 13 43935440581125 17 46117799252465 98 45279832826835 56 44943172063228 87 44014650396045 38 43381126312875 7
3 64
1336893541331268 11 1329151941785172 82 1268665625813167 11
58550053646232 11 10077735765445 11 1 11 65934424889857 11 28327959543289 11 84134544831565 11 43873153478410 11 10982801505897 11 1 11 104931216576426 11 1 11 10266860059939 11 28674789696835 11 25670949394043 82 132345756415979 11 160150324308426 11 185671036570831 11 69817978750539 11 102668578336686 11 68190557626820 11 49132337417604 82 64373026900057 11 17638209226855 82 72832356697602 11 157595062272796 11 99390986214136 11 81194127557828 82 34675281954766 11 30925943128924 11 62843148959800 11 1 11 77085175182925 11 62476971695422 11 184466746999636 11 1 11 26043711566196 11 1 82 1 11 46640318452612 11 71344973208577 11 54189234572805 11 66380338542590 11 46448459411740 11 19540063823807 11 94388416524955 11 114406201438562 11 111242400710624 11 81605608258255 11 78294620724822 11 125698119309779 11 140178513443016 11 46070188394513 11 63507949070917 82 150262079272264 11 1 11 118766253096503 11 42123828037921 82 9440264967311 11 41203241607295 11 114490722906240 11 78469251295672 11 52047915863407 11 1 11 101498196942052 11
3 58
828184118547066 85 820636342647611 85 764258731372003 59
1 15 26698560164893 85 74374052593130 15 48963196274294 85 1 39 32941947836267 15 49651525734073 59 52922942282508 59 1 85 23544528009641 85 37426026108193 86 36270065931510 85 83314492964590 15 1 15 93257394807346 39 72370824977917 85 51426994625016 85 33743544237148 39 29761306655590 15 2899014920084 85 33864108658492 15 8600418413607 85 79076201817743 85 69918202628674 86 32155658203231 15 70581482022155 85 115391127750169 15 8174510338344 39 1 85 34175386181846 59 30259691661606 86 14672541226866 85 1 39 60362250887757 86 39156919799342 85 84437732134547 15 90379929065542 85 51062055451185 39 67833007509189 85 52367426099537 15 135630669605816 15 62429604386653 15 80035556267104 86 1 85 76304582790762 15 21064765462828 59 1 85 36110759352199 85 62828733905064 59 67699182253882 85 87055270475171 59 7393281452342 59 1 15 49029496899589 86 1 39 77608093327794 15 71779659456495 85 11958071661724 85
3 29
983893470565936 92 1091568453085597 3 1104443219510147 16
56873439282206 92 6823926911372 16 161041233807185 3 1 92 118377253252772 16 137179156331342 3 156307807563430 16 159341588468520 3 60162970374947 92 124641219003887 92 123883966720282 16 89188275184001 3 174588916823221 92 109609338104145 16 100958646947282 3 164236312416995 16 60649800491056 92 1 3 207504141926380 3 123375873801601 16 107156613457783 92 157059939343167 3 46496459370919 92 222471119736208 16 194718270988611 3 58513870078297 16 142066768822987 92 169061333722054 92 150936047893886 3
3 5
107685555032449 77 1 40 1 77
68273062995699 40 133443518995386 40 1 77 123629185050850 40 1719763708320 40
3 73
6277828678312209 5 6282828111001805 68 6270220944556779 22
275123109887760 22 277046664301999 5 251364230121507 34 247115805387631 22 243480884622031 94 271618163508952 22 267733567274895 94 251978166524544 5 247338069407627 68 242546860487131 34 229970065803296 68 244992432486566 34 278681853643641 22 241282132526880 34 265822151515933 22 264940472599249 68 254771701869743 34 265393577994037 34 283266277722925 34 251246403197894 22 270369204187016 22 266901473683180 34 268028275599070 34 239203271269962 22 246377297773265 22 268559733513109 68 259330361212413 68 259866841911705 94 267518349182837 34 246825714395633 68 251025592355091 22 239667928519576 68 254952955463295 68 260691530873251 22 273741756214711 34 267312824248222 34 255710635640528 34 253265659979536 22 256452990305028 34 250375028050920 22 258145822716938 22 262971900176175 68 254394574925119 68 255721498436018 22 239924926167436 34 252142086034382 34 261934015997819 22 223159800689362 68 259746077734820 22 240408266669957 34 240191350019345 68 252023897072240 94 262592634439895 68 250348897859511 22 263140703834767 34 238999494129879 34 253017943135993 22 245412984544015 5 266722340009843 94 246451473244221 22 252193156260630 68 251345700677781 34 255173574372072 22 253192440335933 22 248716660497305 34 257587706101954 22 258996478305669 34 252463882395807 68 283293243945576 34 262165287226389 5 254234107833405 34 286984990276515 94 237239268224930 94
3 15
1060038714732459 37 1036550356528914 25 1127832540132069 44
196437231200034 56 275181777329420 13 99673109807760 27 365039787025910 50 225238416355182 89 231982283367310 31 151330095123644 32 226471432478907 65 218721441985300 20 166750086113469 55 276826339376829 90 119440830812961 97 255878831515725 11 179480317934970 49 330810169222671 59
3 39
2434548000300464 71 2229940020916835 54 2441890115963188 71
129973533869208 71 138526453095733 71 127563096744999 54 179121635932384 71 242486739857653 71 141116933839108 71 158970593110652 54 112337502795411 54 83078947522408 54 139634876900671 71 170335083934568 54 1 54 128465171120564 54 113391732989193 71 120248670228717 54 85338821007081 71 178929717550569 71 56913928057457 54 255692765590028 54 157071849803123 54 295544935608383 71 101801300484695 54 144107757531358 54 232740290079975 54 171106934129780 54 109773989661587 54 234772717636913 54 131659972914002 71 234352196513672 54 118571455363469 71 318029814586887 54 158431210727169 71 375565791357480 71 255981715418794 71 57074545335968 71 132655602764484 54 242651961749195 54 248572457412340 54 81313166490382 71
3 43
1206020106201794 58 1326575609201207 28 1262734887324566 58
102004343908363 28 200946645142770 1 1 28 62093224894751 28 137229554125530 58 76717192009080 28 115788116824882 28 8474658579041 42 1 1 96200568127011 58 121626710895707 28 110059946036185 58 70268055278378 58 3267698002426 58 16093576140928 58 1 1 189062700976577 42 24038476974153 1 81142124772065 28 233372514813700 1 87038719012453 58 266853941561082 28 31552761362451 58 54827211586797 28 88261571206693 42 14746037610858 28 1 58 199265545093726 28 163366514964477 28 133749890775430 28 52949159918427 1 80889743984311 28 151598148058926 58 1 1 40576180316726 58 1 42 1 58 103512678470300 58 221825198746105 58 20200529734842 28 148379687529116 1 123798567686597 58 176391916057831 46
3 14
375239267809470 96 384293788047641 49 408182967985650 91
98673337714844 91 17578980868638 27 96494382098620 65 10880960075672 31 77321332744873 55 66167592805409 56 40310460806483 89 130600337099917 20 85085496381259 100 118150539345454 69 78386664060693 61 42658598438575 67 97748450322453 87 141881104793778 98
3 79
6251017882592037 31 6312938786064054 29 6248144658388490 31
225677123516713 31 215656047047011 31 221965387231759 31 270487466496740 31 243206715965385 31 228227046011112 31 228796115043088 31 195043695726943 31 283530062657548 29 213347219819121 29 204102461051441 31 244708236833936 31 253676016297616 31 270882445616588 31 183465899960045 31 287005643606490 31 205236076209415 29 227006104004056 31 286879330127287 31 268230061876720 29 240030227546801 31 256542636965261 29 246330962143740 31 213529012549992 29 254795084772894 31 275697501363154 29 280587340700840 31 270590451454999 29 233040885401839 29 219798028294486 31 214306461153373 31 255342104636706 29 248098316844149 29 268233939318958 31 231691935064456 31 235231068061923 31 226237223718790 31 246082409266926 31 211395284312408 31 231721944796772 31 263843993508132 29 234140720000135 31 209428240914546 29 283234582817032 31 191530989241389 31 248719837581671 31 231603044670829 29 283918903921647 31 190223955123658 31 279017440278942 31 277850656741984 31 242634248117145 29 241917298505472 31 266006311792670 29 259104874819750 31 274454290768125 29 179610471646672 29 228385253261386 31 262690255411924 31 234401127558664 31 231275840502396 31 214914777013924 29 315239251313634 31 178870946759326 31 192252358735599 29 257278256201820 31 210973983095685 29 238464147852310 31 224703175418578 31 221961279869171 31 247330444954109 31 280283243362160 31 218210532171516 29 224405265540749 31 286807828779028 31 250492196912353 31 298607397819391 29 313283231979718 31 261840079963610 29
3 54
2285760367060059 10 2411069769172345 88 2334965880547349 88
209156056989497 10 98746850422162 88 86743336216831 88 172369946090528 24 71115142817423 88 171593773483869 10 189267477847246 96 72709803937477 10 97502734108510 88 131476982990845 10 146944851356911 88 96926785781881 10 97825785186573 10 113950803480242 96 80714219996263 10 136365673214502 10 140428624475291 10 231631781767387 96 130815851489194 10 262364900109440 96 170873560963368 96 117640711135340 96 133300415214519 10 123372600986040 10 220860742559136 88 212017173672459 24 44405200083850 24 139114489195462 10 1 96 172906252845598 96 148068340391899 88 68606806165935 10 91625677059472 10 153547536205101 88 159101959194698 10 171982442364281 24 148160227072005 10 87950116541260 10 78683429163041 96 204145735389985 10 64927945506134 88 139983342062535 88 241177122427802 10 64720825208972 10 234711485110914 88 217298769344896 88 194116142301200 78 73838821199974 10 189914678026646 10 103216565910819 24 200904697567222 88 136326717561506 10 113830665163064 88 113077212552486 96
3 65
3052429833233729 53 3020010673489501 100 2991646423676122 88
156545400302671 6 156398093155051 43 128203017521899 88 47442727702814 80 132804613994373 42 105874118543761 87 134884111260623 100 139803641605144 72 188922433336829 90 164975714585626 66 125060068372761 65 79602975719980 56 155286293214803 53 100951323635050 40 121622382297562 87 123019039901048 80 70871406950939 53 71740419242827 42 133313438590460 40 86793495534587 72 146528190998362 65 256381885134094 88 144902717712355 56 134228270779768 6 71979389333743 100 208168729199839 66 203374037458597 90 205443734282032 43 42742033419946 100 26470091410473 66 56671783691873 80 1 6 125703679954425 72 201577974577290 53 121492311105599 40 173804503198813 43 172010194207358 65 100454100653521 90 181331558490088 88 69611399483306 56 186425434382152 87 78390175774340 42 81024536384394 87 97803421991570 65 1 66 150282253691427 6 140902940261232 43 136590813180019 80 75787976909561 90 163715806084873 56 67524682100922 100 196584768474447 42 117076303745544 40 127476486884980 53 91016796256057 72 67891560238258 88 122847003782764 66 145976682389924 90 173875546205733 40 76966863732998 43 186672742855999 72 140940355023540 65 186392196421463 80 79625105063098 87 176085247745884 100
3 48
4600686037010235 56 4535448137261636 71 4560958809383169 56
320403533780938 71 251915527587281 71 262332078534923 71 252594026954860 71 284863686939703 56 305186994103071 71 327308746750568 71 334318688403231 71 264739903387832 71 259637518079271 71 315772118324976 71 270951109769190 56 319865449893819 56 264020262586449 56 230109474811811 56 286503587248176 71 325473774103774 71 313031907469806 71 245113381140312 71 251932809385319 71 235728923018766 71 269696670237002 71 287770951627723 71 355735347142429 71 293882237168501 71 313790125460816 71 266018441362813 71 274429131751850 71 285935692952085 56 220003343365811 71 315457360383288 56 363281154507934 56 261931047193475 71 288828023274857 71 288998412875961 71 251851137046597 71 231801652612322 71 243767762720348 71 265067497273842 71 265716171411234 56 350556584952369 71 215783221475573 71 256746902666374 71 241437701613917 71 291699070168347 71 281381932491103 71 257614750944542 71 290632506293124 56
3 90
466451502764835 44 458457895191317 78 456243096438293 44
1 44 55627304611500 78 22993750022066 99 1 99 1 99 17293285624159 99 4478353063708 99 56955649929614 16 83773606042667 44 112009985105207 44 7369509845281 99 1 44 76182318110476 78 1 44 17418784973373 99 1 99 80731192475859 78 33120472017867 99 50909365595694 44 86771033793541 44 1 78 1 99 135844246248386 16 69771252768813 44 58991590315597 78 21128288056039 78 1 36 27545298602784 44 1 36 1 78 35895812911586 78 3592876704038 44 73860647170443 44 40149832155418 44 66291367622872 36 48979443280619 99 106564122185532 99 128366050554044 99 1 36 22087123358625 16 1 99 62051309411511 44 1534118016667 99 1 44 1 44 62658521263786 99 1 44 1 44 45755128783805 44 36435125466157 36 1 44 1 99 1 16 1 44 1 44 1 99 17616843412683 44 30845005691282 36 43963974600194 36 20879606632822 99 19301282889815 78 16556186525676 44 1 99 55060496913003 44 1 99 1 44 200651547904944 16 1 44 88613329843436 78 91149926283952 16 1 78 48640375593957 44 22810641667079 99 81357349062587 44 1 44 1 99 46273041576779 44 84252293352696 36 1 78 3031345881083 78 112650248346636 78 4363281945621 36 1 78 1 99 65088723132614 99 16467972989024 99 90874425376961 78 1 44 47570403103944 44 36054786873496 78
3 35
64947939681371 97 1 73 13556111021624 79
1 97 1 29 1 12 32696430244459 79 6787345184245 6 1 73 38626195489102 11 1 23 29382248744857 56 1 12 1 6 24701203063752 29 20249602032150 11 60067273593897 79 25273466427235 23 21395776735439 97 32398534086032 56 6713621453561 73 62855610704627 97 38756253925949 73 30315322857691 29 1 11 1 6 1 23 1 12 34839867741200 56 1 79 1 56 1 6 1 29 16851122290929 11 1 73 19062822676986 97 30113971995138 79 1 23
3 62
5914570249744202 19 5913993130634162 49 5910661962669445 19
291233768139249 19 285031704645188 49 290785462648381 49 282496237930374 49 285787683316979 49 288857222816071 19 284406886982255 49 284781481979897 49 287324229904453 19 288855276111479 49 283558998150686 19 284155202535891 19 287826715315881 49 289129254024958 49 286429157869561 49 280535760406727 49 288470967170954 19 283469404908130 19 282849690769647 49 292748511403988 49 283740042550969 49 284675019931565 49 288424443650194 49 286215930684017 49 286277246742011 19 282405490946613 49 276250907209723 49 285295543575517 49 285111258077165 49 285100648183705 49 286945051012248 19 286024971158806 49 284028532394322 49 287517560503068 49 285047764811250 49 289358496596877 19 285363986509989 49 289218600547038 49 283687821095809 19 284979658863650 49 288412186457842 19 290744217319148 19 284116028796418 49 286612291844577 19 287238973812201 19 286811911730129 49 287845692513314 49 287558013561019 19 286551054408411 19 288944872834413 19 288566021876714 49 283356456009821 49 285302959256427 49 283588567219077 49 285670313642025 19 288957272181548 49 286363623193234 49 286022817676141 19 284514630041339 49 288460732892072 19 288992342720598 19 287108538821674 19
3 30
1350770120195008 82 1288410666999993 81 1306345923922325 81
188424911229074 92 127937964543598 81 177154310392963 81 213216701993039 46 135632078469999 92 166543204982648 46 163266330576806 81 199969228439768 81 211216645212754 81 69136379358335 46 169857604889316 46 129288843523046 55 94293117166772 81 32862594643994 81 109506717784840 92 135584798776622 92 96961925590101 82 95084320296614 92 116422597924483 82 182134841476924 81 135380734452538 46 179846217084479 46 105126625117419 46 120447198434405 55 81617545837245 92 134469418916025 92 177876468372059 92 74032772283433 92 179879156103437 55 269355464003174 92
3 22
1632302596506479 52 1694223322686784 25 1728018789251284 24
203157377252963 9 234723135897779 100 247311426094700 76 181260349268591 41 321441886039143 83 246615724441269 15 312683092456746 48 326131299825324 12 451164772717504 88 169793525598148 53 132710503524774 62 294453367398207 55 313109209613729 33 191810804160711 11 164932216735184 73 291112595765917 86 295079187524331 26 224814024467459 25 121306913418003 43 279349837780719 24 64277028463062 89 371643385528577 52
3 28
1710675686520340 29 1677714755038287 40 1794995047514831 29
183556823907412 29 154462491524560 40 200112167447927 29 96175347494294 29 250458796050499 29 126887956077984 40 174150774269669 29 216689493173684 29 141032306988602 29 132959024027977 29 222806350204537 29 184835012129187 29 236405305532599 29 227416864744128 40 176063464796373 29 157891965877908 29 265767019640465 29 212834470737042 29 170431289726664 29 190868633896325 40 196549841535591 40 198318506647601 29 91530666336953 40 223942755853609 29 110871882456188 29 235036460132584 29 108706925084376 29 202199887239967 29
3 56
4357512695561477 81 4308832972963270 81 4333032409838235 81
220493341924838 81 226977350984333 81 225241491520248 81 232668776961109 81 199050316663471 81 250629975851749 7 219544538266181 84 234148082513772 37 241770879160111 96 215852442737500 7 236617845843138 81 255669737731938 81 236760265467431 96 237203845704373 84 242417484399689 81 238346413582108 96 240733365576642 84 235141328147350 81 233985486763394 96 190006120886144 81 235899760603849 81 232657793740980 81 259701209825761 7 236965132138479 84 243395036381872 96 274077501599957 37 250757364894270 81 241759420417496 37 200901642440044 96 215401633613602 84 219280134292719 96 204633915149227 7 217855147961643 7 228381218116898 96 210883404160911 84 251221605611773 96 258618226628796 81 223410368027736 81 220613637367405 96 210576606580979 96 231042417261213 81 257754931214854 37 235820056174852 81 219749816003972 84 222122774106093 84 231300309879838 96 231459547934418 81 234029334277444 37 274271723056888 7 240900903878815 37 225189053737708 96 250940456479137 81 237576156291844 81 236860720020462 96 268111438465319 81 214799418971776 81
3 23
1857164939049315 37 1659326577214333 61 1600104992980631 31
185752873124567 46 243838979901904 43 229796963783798 33 233026668906266 17 1 24 350281802117340 70 171778034625188 9 317767161436239 23 109796049624567 95 164063170738525 72 117541949932105 8 225326020513058 28 157608887962820 54 208378576891834 77 374029369580993 79 295639354034935 98 216562056262189 74 176903874854621 58 228137261177122 29 261571586184868 19 302262095899370 39 232765539337697 99 152179824710414 63
3 75
3507035922955502 35 3480366291564077 27 3501947620422219 35
154391168700845 27 163023975217347 27 128909462695921 27 123312029249043 27 120031647782682 35 112774376429649 27 131034921485193 27 89998964026011 35 128763768546001 35 178158237358112 35 148312189752991 27 119668827070737 35 188940398652221 35 121370247182180 35 160750379570039 27 130864102866236 35 130202315843407 35 176017487265858 35 112756486583761 35 135700429127000 27 90428708821573 27 103287019498875 27 153298657250692 35 112671560182628 27 95181285604088 27 162271915199241 27 147363584661694 27 113254951821306 35 125844268442470 35 146498137527912 27 126958209224395 27 139664241945903 35 126529898366357 35 120947797091124 35 133319276258025 27 142527472153281 27 160122155733652 35 80444364568232 27 148568454794625 35 172425202056053 35 132804826053361 27 149394112650765 27 141353333222288 35 135367048883015 35 128066144276420 35 130119121441925 35 116896733198181 35 175649489271193 27 172229264820299 35 163698185746200 27 147619650986449 27 115124218654852 27 151842644053324 27 159677445464219 27 165623741638247 35 160773305797752 35 139127075861672 27 141660002594314 27 156670644568676 27 141802726933839 35 150686229223661 35 96438356594837 27 173072641874963 27 127103909325148 27 179986562705778 35 159045080235205 35 179378470406020 27 162214449298849 27 137590249219992 27 113946287626921 27 154858256496849 27 113847783254824 27 133640378783287 35 114720202570396 27 136205306563433 27
3 7
643499447145566 15 795966429584230 38 743693951517820 15
161463484954997 38 287187996372219 38 299378268732891 89 282933574380560 89 271185547020447 15 313272594176306 15 261221471322683 61
3 32
2517490993286869 56 2669687668519219 96 2529765501403565 16
402770832247763 38 381629021541607 60 183350493791305 24 99039341635891 94 164104465267586 72 269507466928628 51 367003434135673 85 130359185199589 17 305113641061219 32 278112365942441 28 119465751943578 64 207020410876079 41 229132505520847 78 286086220623453 77 282861912339250 82 346235083838127 63 118087592381599 27 190941712126726 36 203737217801815 57 205506794845559 19 264659978681063 31 387139097979529 25 390876423653784 96 125831961469212 62 144724085176809 15 358025295163144 92 389400417461302 95 225936070354094 26 339779874873302 8 69355329101537 40 294671242990538 54 222324051925915 66
3 28
2501732921933877 52 2504443725800861 81 2558646811392181 52
265699241888046 52 310212305259783 81 249134106997987 81 299844116338787 52 207880220265473 81 255489623885418 52 258856291776689 52 228313771963189 52 322837074400625 52 270812089322604 81 246244687372200 52 299773252089948 81 254056533349168 52 271183278518682 81 229979935528532 81 287414354064832 81 257845363457382 81 272298459580085 52 282752391636058 81 277085194320783 52 285177794952343 52 236368881878560 81 284934543594480 81 297905146418789 81 264177579415882 81 286755597429389 52 275533112129303 81 255901684852091 52
3 32
2223547230801155 61 2088460828408794 49 2544297504253431 49
98641651120102 14 115439341461483 17 204650596273177 14 170910107367069 47 264402022986973 47 33916776573700 17 133498577834179 47 280835362213418 61 162689609655413 49 305576384354221 61 147024318293022 61 223489511869782 17 157604301816963 61 195057849351760 47 290509116275261 14 299235396050058 17 91115229688615 49 350044300617279 14 194344159383760 14 184453747509572 14 192554834589938 49 350967970080688 14 308283391007923 47 335046338980354 17 385938147634972 17 268274168917807 14 116695316992964 14 323352154212886 14 214501262129638 14 218047613419095 47 257530353861821 14 262804108475615 47
3 83
86345894314168 44 63092820525322 95 115656842876192 12
1 30 41520981357750 67 1 25 1 16 1 98 1 3 15679584441165 34 1 40 14227551481891 37 1 95 1 77 16645516700594 84 1 20 1 14 1 21 10618930475186 83 15628389486993 38 16938528870074 36 32108183273818 46 11608069124144 57 29941505255698 62 3092339203734 60 1 65 6667492095358 41 23158178180914 26 29272243098206 2 14283706829549 23 8186150238506 80 1 33 6742128385819 82 1879570147386 13 1 92 1 5 2425320340964 64 3344994452619 94 19816690880531 44 5090330728855 31 11336541795203 9 17880304456661 61 14336101641263 29 1 52 24181436021563 1 17136981328347 76 1 74 1 79 21979273070199 50 1 32 16283595127937 12 17116851721282 55 4204335064640 8 8010839361424 87 1 43 47059734013423 24 2301037613087 73 1 22 12397214164281 10 868592188599 78 23917846809727 39 1 58 11926205312743 4 10712934927164 17 1 6 1 86 17657188173114 55 8364361442756 95 23425723631896 41 13242409235638 40 1 33 1 43 28935365941119 17 1 64 17661158611559 23 5997777992114 79 1 98 1 74 1 25 4412642671612 5 20404467621160 46 16467634819387 12 11734052807390 6 1 67 1 50 1 52
3 71
4407296955265707 31 4332871348130141 28 4348885381433558 31
242859291073870 28 194080899089518 31 95790541103655 31 249923267772558 31 156249542189264 31 204284620281546 31 221995424932738 28 214097575600412 31 173934762877950 31 184858994823828 31 174002288680403 31 203933881746520 31 202269969865092 31 212472233510486 31 202210254734236 31 155914468836412 31 180024626512502 31 240489079095623 31 66250833881060 31 183959066524452 31 174524439711488 31 155601646088910 31 133135266412733 31 118052017129339 31 206197536720630 31 104303154131740 31 227288630112531 31 177832826322221 28 226647571390323 28 160872072221067 28 1 28 137248409248646 31 223911585774218 31 256232718403192 31 154301743509241 31 167152202299734 31 274327260978802 28 198743974087908 31 201729525672969 31 178988889247090 31 191047032531871 31 165007126874481 31 62730022997475 31 200973232038785 31 192283303594365 28 122503468370915 28 223490220964177 31 167434008474704 31 164682037976216 31 124246585243932 28 142524257949896 31 170874617605635 31 189555830727196 31 90630111443915 28 140494511342823 28 243935838556969 31 151203130889227 31 215435745778539 31 203790012634832 31 156391240527597 31 94022588600447 31 177341950645772 31 233317491587869 31 215706234730912 31 138686204639310 31 195300061026832 31 121152399631893 31 205248000481107 28 143027363268284 31 103655041171195 31 302511223008347 31
3 36
3163753289970436 62 3091400398478896 62 3091298130688564 91
342017758835928 36 211786294576287 62 263711372354360 62 302584526801226 36 241034131392843 62 144188643579352 91 232840701920127 62 245684547163592 36 145204793556101 91 219727804591179 62 193403922870789 46 262211515344651 91 290450680202290 62 365191812873329 87 265302083978552 91 276090997033163 87 242904519531709 91 346184307338645 91 253321713951896 91 235054038768893 62 174427715006852 46 259303530501148 91 238405473797677 87 400252328885745 91 263294638601297 87 232311210703864 91 194554862735166 46 151750931244205 46 350014339543682 91 240714135773691 62 277120015132744 46 264906607982986 62 287647572307698 36 215955233207745 62 385942908920287 62 372156841182320 91
3 62
5958195801251199 74 6055994691426896 46 5991681397577878 73
379456113921137 56 307870754388784 95 320180228507634 61 323794244191739 20 278379635934549 74 250086914847437 54 220880758096297 47 282997384213721 41 343903486016431 29 292434568166945 75 297307579925796 31 272479695407296 9 233219313193441 79 255369869145782 83 275652499476192 14 308502542957550 57 335160303191783 65 293375381861233 55 288611763926789 73 271505059765672 62 267677948402401 86 277879127361956 67 331033387125341 46 309803172259113 50 292150807027560 5 239440642869528 43 238378559382521 88 300783006577731 59 293079955517609 50 266937520844346 88 255645711826249 62 264198905598769 55 272080803030601 61 259324567652123 5 328204674626172 86 305400691471922 20 311579987116294 65 309008402612035 56 267279726085551 46 261383677671078 14 323686605878883 47 250939452019969 57 358855685398366 83 209150462842999 41 247492012962698 74 324791179266711 73 283843267377298 9 312389925323174 43 357688383091109 75 245419404962235 29 320612435630143 31 323664394929040 67 235932400890579 79 313090470150706 59 213868740601198 54 400191214512712 95 265791561922869 57 381678867024579 14 310667206926424 54 262484011855569 95 185960792068593 20 309200061025848 56
3 100
7776074477718101 20 7884571083037826 41 7678144336575938 20
343483064009240 20 197363746252270 20 195494088572924 20 252019413548936 41 228652390390879 20 353303874025707 41 161322658350873 20 157119353806743 20 192562498391126 41 195742824617991 20 265289232322038 41 320095514967527 20 209669811014057 20 166675450403953 20 173638079174819 20 211217043215942 20 212818414287904 20 157073484184736 20 225472180772358 41 182515584854061 41 226571163055272 41 165826882097401 20 144851645771171 20 218198375534588 41 278941440461690 20 172549381287822 20 269157123040350 20 223831469980440 20 215264986725919 20 233998965634368 20 352578721694077 20 376662491544553 20 213191740914675 41 132722603625293 20 330067549994532 41 267170544564067 20 182254640102309 20 338116746699320 41 134558242370216 20 159983864024366 20 379885100957106 20 281360213156006 20 236981819592715 41 191145739316615 20 128901904054673 20 140851127988989 20 236764728683740 41 116389041027233 20 174967427824585 41 247909248275945 20 269605600537726 41 253734302737803 41 169719279689670 20 233374399662486 20 277893556645653 20 302835770466194 41 300797686336709 20 138350862541809 20 314367145659427 41 238267737753295 20 267735793525267 41 110189154786273 20 110937149047191 20 359963340464231 41 251027242926588 41 147329679297791 20 252023588290632 41 143985489614299 41 221727288545467 20 185975615117031 20 109645670484144 20 312732267849073 41 344641222190929 20 222139638032725 20 204367058055712 20 93603501829440 41 178857746182949 41 266132203032105 20 132622361160406 20 308867528639293 41 236790469265262 41 267821193456800 20 369412435197697 20 216545437635347 41 248166288706422 20 264109636881997 20 158743531546639 20 173850897021702 20 283712974208208 20 314038717454616 20 196202148090553 20 159348091169096 20 310767925217066 20 328518078695060 41 271559272979213 20 219124999344235 20 311872344749529 41 263810232730021 41 283591329639596 41 371323200124264 41
3 61
3260072208232916 51 3268069773649240 16 3202700209369562 16
131323691671251 22 124709367780691 16 125383251323166 22 69195464908560 91 69916965901196 16 152262925310870 51 166872618932941 16 230194325113305 16 158688616953284 16 180005545141397 27 173288731410652 16 127235845426989 51 195057822391657 27 139037881464877 51 219891881372449 22 167728072162876 27 162239313658372 16 138501963694395 51 156186774462639 51 93094233139337 91 124850553966834 16 181720214313582 27 221240280631040 51 29681904383867 51 168422743885383 51 158774499051187 16 219408466232709 22 204286505423628 16 200775439228240 51 170713022764714 91 253153439554146 51 240145031259004 51 194346342696950 22 110223766409416 51 107385500270108 91 210868799283777 51 119728449218149 51 64015379394473 51 207183175564123 51 130779178720609 51 115559089422040 51 257592781777806 51 164179979239926 51 187728187175228 51 74046365823261 51 112315925410130 27 162529284891391 16 268441174050576 51 156295553489234 51 161142438509904 16 181804254250616 51 163730684897654 22 201595990827125 16 164843032421925 22 201796669075701 22 212343146249209 16 119146533467026 22 193588027129205 51 102351105406188 91 218594348830695 16 156314338033380 51
3 49
2856819490529734 68 2847626000070921 74 2859114994092226 85
175271686855384 89 162631518973350 24 159640444694380 68 168042828559434 85 170344097230715 74 187989645962258 77 152869526875821 58 199999532376686 85 169602126511843 68 200520228998279 58 208760810128851 24 170745960087328 77 210671544178342 74 151768002793763 89 160099337362993 85 164743535608733 77 187155535676756 74 184871471495337 89 162614237758294 68 184754252663880 24 140176928460580 58 184919010225846 85 150479154026696 74 154890505236920 77 149025121288553 24 164070233748739 68 161878050575195 89 179442808503325 58 176878750334717 58 183079323457540 85 179254404021751 68 192739159365068 77 170649261874816 89 189309218184516 24 183994676475618 74 161160529674182 74 185062249873049 58 152867636961322 85 194225456433268 77 160741369797601 68 186352975499055 89 187926901123174 24 197564503649061 74 180725759837360 77 166630585792297 68 166051632713129 24 182618169011469 89 145186044985241 85 158866945385634 58
3 39
2155563540145686 24 2354353250820094 85 2227772527058256 24
248830576216428 24 1 24 65713586205084 24 262477822619493 85 124324980232145 85 121562102646358 85 231338985237718 24 180449346774072 24 217302224178251 24 211043103134125 85 142756379912802 85 154761948025392 24 71266696667660 24 319490269063800 24 141624573609349 85 238818339229826 24 90202994122367 24 26949457502381 85 209421228272790 85 439220879947426 85 133276595958663 85 120284982721868 85 181900373064679 85 218582031706863 85 58454663174039 85 167230722412811 85 154465742282851 24 140161145573839 24 165540589382791 24 142770313010240 85 222148016115291 24 154503577581363 85 185285390772369 24 19808140100449 85 81985251516346 85 101313994393284 24 305346844366397 24 59593514191246 85 136495281451110 85
3 6
174630475600503 43 229474038699977 43 266811083417421 68
269928055976873 24 8191046842655 43 51552589326795 93 252921411415366 93 138695667077640 68 193875809475073 24
3 14
614775713034794 38 548998082806658 73 635354448839463 37
121343987600934 68 143707672163591 14 112005893445414 13 131225977220973 35 128730780582294 54 163864976307225 82 157373616235251 49 135009734201387 1 146209353853230 90 90910124176763 9 66308142784751 96 70925652319349 17 149974519968514 73 117676254690465 100
3 39
1357597792895200 45 1462298162010667 95 1458632530492595 45
28212016158138 45 78740215540669 45 60263882810008 95 54722772587107 45 219655796335007 45 97011453610111 45 50833513981545 45 151697757050465 45 127334312842108 45 43614730124929 45 122576094823454 45 73820435747174 45 120341605321810 45 247759515827821 45 86759180237864 45 110786814290863 45 11291602987253 45 93505002092946 45 144667251503367 45 133925609418014 95 157982986806631 45 127454558666012 45 114484649886835 45 77886949369535 45 178891127232907 45 74467766694452 45 132569167079132 45 207183544216121 45 140158360664243 45 129701496312477 45 118267142994637 95 117784608511875 45 203258761353225 45 17615403412415 45 137134218237671 45 93789862285924 45 83236328099607 95 126907624563023 95 147638791985972 45
3 27
219539601088222 95 390049878254160 95 301156307371427 19
8759515153285 95 1 16 104523792395055 81 1 81 40088113201437 95 1 95 91419279985549 95 47601623042510 95 1 95 77180949709278 81 12956878422932 65 1 65 32945304786487 19 92993635987293 81 34903848277370 19 116372852716837 95 38104660814468 81 1 81 1 65 14209916190461 81 1 81 30217155898038 16 1 95 1 95 1 95 16327686515389 81 51539775816656 95
3 73
2170825933155748 99 2215205535021136 73 2188835823411799 36
59442219397152 44 143396370456357 62 63251873422893 93 32076872141802 4 46711438591672 61 90540621112783 9 62937580847593 73 92553564882741 91 76222710071062 94 101911906379057 76 88216791531420 32 124740148193432 64 125060433716342 74 62249208451791 1 129544780131343 66 59333712357739 38 70302582440132 72 101532537351094 88 114411923359438 50 72959513574705 55 113010740192754 83 68664040083704 41 76237236527233 95 129690463288651 13 94761036536778 60 96651867642695 75 116227753817323 18 55444643234166 51 102429426911270 79 114587445519277 19 42833826597034 12 74523168134678 45 91364219592621 20 58582888829456 84 76518970379283 25 52996701032610 99 116381125373778 22 63616659694668 14 84919243707494 78 128069002015862 36 56232527373220 16 88856343446885 92 174393476446156 77 70507337994660 89 53200880824837 81 105523533248877 42 80422367444608 15 113659260302050 60 133690813109632 25 91754381118705 9 140782805243963 81 91574423918459 38 88810154013726 14 89467190360215 64 69311967196287 88 35340718572330 12 78146913078807 92 133602588720610 95 111315559717246 74 116870643729352 22 107745896578612 15 79159528479177 18 130694958457398 36 27957400178688 72 147222088168071 51 113209821869450 75 60656022365574 78 127159089857134 19 143265119168230 73 106652583122175 4 49358359191760 61 94919045213673 94 80488581810812 77
3 29
683319375061710 77 557272942674122 79 499475359382532 77
166544651189609 79 161375395704458 77 85962330511575 77 14975072667115 77 29666258365089 77 46241593270596 77 1 79 166731283691491 79 186520980099675 77 73145966794115 79 46528732377092 79 95476602833528 79 81973810549132 79 152044783983658 77 147063981604656 79 1 77 1 77 118665575971791 77 78527977691806 77 61302999010269 77 1 77 61555461321652 77 1 77 113414625119446 79 1 79 148205270591891 77 111036580955787 77 167767623855357 77 69330313092777 79
3 44
4179845577848189 2 4113083329072826 14 4074274076838169 51
281055322568098 16 305316268175634 2 260763776657980 51 221290279062626 2 257363012698199 2 262634348133389 2 319676433598271 57 280216904333253 16 340216546645868 14 239402493214440 14 233866348537668 2 230324643336698 51 312103118592467 16 331508313296754 57 243265332635650 16 300390201547412 2 310806256795606 16 341032517818930 16 309814485126690 16 261501314294097 2 237970781397644 51 264100440753341 2 248359669325888 2 281356850852480 51 315809727526877 14 283732450316570 51 232261790856906 16 287005934356748 16 291423814317584 2 249981253020193 2 267592691774256 16 286193889410977 2 272698873398180 51 247493688185997 16 252203446328697 51 335416238098590 2 324938379507210 16 256670571582516 2 296930576331912 16 287547264724448 51 286034031723507 14 274293053188717 16 321497606773873 16 275026351930231 57
3 74
3908914008054136 33 3862182341605425 80 3891448169499277 13
147293282729601 77 137966903243501 42 210130387489169 55 52952913806874 21 215161408781182 2 85583885451218 47 187140111005840 54 242194768324738 92 88203652279748 100 244238507697509 10 165602247083989 25 142498687304656 20 204569405159811 44 115421688476234 68 1 75 315338708132839 13 169439342177582 86 124404908434857 1 119552363427709 60 91472795196838 15 58379331837562 14 125844959137746 66 274138949394688 87 84693769423638 93 230549164512235 74 299713208067877 32 39744493720785 8 300112346501289 48 208334149721165 38 240161251437290 94 299739314600195 98 121112719116199 96 115984911947917 67 258306526235953 90 127819293519370 53 133734371575504 12 168546487773483 65 196622217881318 3 148489976088378 72 231599187367495 61 192007902277385 24 226739992069886 84 145347831862738 97 174319230354002 18 252262281834082 35 336566923235381 28 213682262822257 45 203733950194026 63 40881704573237 69 116894971147438 83 53575603935021 27 138213562614440 19 197199865083046 29 184800050199038 23 287823890042102 36 135198073750230 7 112757333556460 57 114668533037308 43 158015937068483 80 257899654621050 50 147321719823046 33 245081321694006 5 60355760767540 73 190838068369220 99 251771950375791 52 92294264402092 51 100686689514386 78 182882405165850 11 300374181592640 58 142278834550787 41 140484392547484 95 195378218304048 17 227708315657755 26 173152401705804 91
3 39
2527222152427903 59 2566545790127561 94 2550279228121115 59
146122412811255 94 211939998317137 59 182000600804567 94 174681095657963 59 228510211809059 59 129518780034778 59 159821300688589 59 250270234804648 59 201676123710981 94 147198237993508 59 189319440213059 59 159434826648854 59 179390417197764 94 152264017386414 59 246722514929831 94 180809096927317 94 239144433740315 59 180666185218618 94 184612695334190 94 201243678319796 94 255215693976378 94 210337762936610 94 241614687474674 94 203771182592552 94 103355560877477 59 167906466526932 59 213712966388162 59 148964209020286 59 187201926319488 94 144251804621639 59 213347223099875 59 137501955465288 94 223665686813525 94 182263432712567 94 108365073520365 59 195813721444802 94 180406319563156 59 142533132231114 94 239597403345926 59
3 95
8939845136780891 68 9014881327378728 79 9055220658004248 68
168475961513416 59 225203829251849 17 330707491263073 17 306340306397292 17 310749151463197 22 278118451407490 17 328865164506469 17 267673509295359 68 313736517230063 22 235889586451747 79 368178956977325 68 251132588406901 22 258429687438042 68 272024777934402 17 338247483138842 79 314225565178751 59 368252855406326 68 258065878332447 59 285239355254412 79 302475274854053 17 309302442755027 68 251402705068645 59 281277878815965 79 230903100166644 68 304559379427863 59 249111224705605 79 299247285040613 22 320174135980098 68 248444957869556 79 316389811481777 17 342751411118848 79 294076151452984 17 351810015450694 17 311705370479304 68 304178891325250 17 311313424112466 79 303886485783553 68 240578227664164 22 309000659269187 17 277640414277204 17 275167681568495 17 206837835410833 79 366295040092886 22 293163837859797 17 276425077802318 79 264666860298575 68 197059322355355 17 432673118857697 22 209534550891493 68 261903941142199 79 304430724721113 79 283846651490962 68 252825428469394 17 288103461251686 79 275361288391503 79 153474165886782 59 316192313181123 59 232977210481586 17 197783894322031 17 272347385706608 68 278289698189728 17 281195128211216 68 392976375423574 68 304363447197344 59 266986981068399 17 277328764168783 17 261065764771769 22 269272255234521 68 201595493428774 68 257070053773337 79 406345417763269 68 414827950611096 68 334463762440628 22 262638405250577 59 217771625785892 17 307365242323782 17 247459793079068 17 295666716357383 22 271902600955787 68 341230020502005 22 271592768097974 59 245834411613372 17 311947637509513 68 290270364310975 59 344749757695632 22 314348519728670 17 295277657397094 22 324276596052265 68 243563469079173 68 293864941244065 79 262377549094844 22 229647224599547 68 269978018662878 59 287604603283018 17 315385323432219 59
3 70
4531296447356402 40 4551667839145188 56 4564727384106499 6
223965071642235 17 169849354861143 30 233396408807633 42 261238379829460 55 187341171535038 62 201463138157810 67 176651402356321 44 213751479807296 18 199158300258648 31 199067592023866 76 191749965818970 11 234338483486846 24 180399007596890 80 202358159342403 71 132902500807634 19 106689823085956 28 249832817846367 21 171045848338926 23 217759680108055 89 204089870618050 22 175564189054371 48 234589760851425 61 188319910556861 86 128426414835370 92 157719340003293 26 134925488805181 96 160261866518086 84 174399182961290 85 249759460999510 32 168822206269931 40 222350275100338 93 209132008500187 63 207596375821618 72 299435494744198 3 165096565050894 56 127307965338176 16 178795368167808 81 171325394694424 53 117733635691405 46 179468134933694 58 254867852870354 66 229010967626106 50 277369227176937 90 254198214526431 99 214348020276259 2 182569895028687 98 229865440596547 29 178855246629395 64 249775057865184 60 190240777920546 36 242453175555863 97 257486292836091 20 141926580322228 49 191444448385644 37 164758926523699 43 205255859066722 34 202418135293020 6 270322125361523 83 189235160903600 82 140370072878361 77 203432591586988 54 143043136411982 73 248792876842085 59 199526021202567 95 199891144474103 14 219153291897710 47 189015141468453 39 163215837126622 38 182851443788112 13 154819064956421 15
3 11
171296832432901 87 97196757003857 80 136202241790814 87
7713801712814 80 54273987038045 80 1 80 46310113697450 80 26400334739553 80 18151074908149 87 35949215497251 87 53569557263035 87 1 87 1 80 58624993770550 87
3 82
4183320788731568 85 4209674521187761 57 4219552181283601 51
42614145128566 85 152437232196754 81 161478573432177 57 94306691918847 81 211512414625948 85 141709378464627 85 150374835639569 57 54333590771762 57 164682899268251 85 183302334702203 85 119931168493461 85 202513650216499 81 268467152736759 85 145997390821975 81 147173087981093 5 225811815350190 5 94158717344096 85 156017029259459 57 209346866765617 81 179321837805894 57 166321847214925 81 70202304941438 57 97487111356152 57 173065814981331 51 94668207322665 85 128746954174874 57 120048218947614 51 128113852166466 85 187409171065872 81 222073597836118 51 149260104392930 85 194612449289527 51 85943942868575 85 106390282985460 57 41717511695458 57 137059611962642 5 91371643772049 85 232279048482055 85 303594116788818 81 133889928294665 81 150440225151252 57 196166634616398 85 1 85 165616906521873 57 252442383238102 51 135872395842776 85 66107689698083 85 183456132471935 57 173463099874300 81 193310309222310 81 158249059645891 5 236603023423773 51 44285565843191 81 156009785299858 51 169901688131468 51 150194974522740 81 220639975474204 85 142151070507145 85 8617350140467 81 90928520381318 51 221324046337553 57 62003328644277 85 174555534410815 81 131028244211048 85 240909580697414 51 235149027450040 81 237374033376215 51 143225879661548 81 265542253668704 57 157183701888156 57 147368036026133 5 81763937838784 85 124050058818094 85 101321525006887 51 186069211090198 57 105776753390672 57 159878066455513 57 136728921709199 81 61031254255049 85 117056671473890 85 159982828595838 81 161693318574318 85
3 29
2515448734740711 31 2429659304656319 20 2485173612451894 86
238354669210013 5 199005846295388 80 205192143500406 61 342257542874733 86 320470979186517 20 193967991030472 62 315896399018855 52 232234653214429 67 246759082644318 15 363394069528894 27 237453754113786 85 217095632080159 31 248481731476353 2 298663512316014 40 314511139017927 54 244570744733734 30 320469284825408 6 120644968363213 71 256524812354106 89 236778946601737 55 149892063624902 51 298800628130038 3 299335158425545 94 224027688726638 12 208264510697930 97 319572750569093 3 274712433701173 5 223075983687240 27 275057039500463 51
3 41
2917282665769615 99 2967724935289861 33 2940989887644916 99
217194526844922 99 237960477153880 99 277982319736049 33 123136747140695 33 269430392690925 33 287891916645953 33 269637161058337 33 228338726331623 99 244526585714448 99 155085942677470 33 221818898464687 33 233587758868414 33 173794359384409 99 291912079994997 99 267596664790393 99 142702902924563 99 192928244296885 33 278040876489413 99 215492824453968 33 295321222955327 99 159937261789768 99 189438545821524 33 147718177316021 33 205307950908125 33 273062996428575 99 271111743428723 33 311375536176024 99 219385264138823 33 242637925711168 33 278939386116272 33 275928113690594 99 123333797981701 33 281339095951323 33 273869375775778 99 91110843441248 99 212650472811680 99 369652951819025 99 340999960866464 99 238865501571041 33 176457668228610 33 305288756085513 33
3 25
1837998005110851 52 1880613462079873 89 1872521575238171 85
283675219268921 89 255527638378699 77 222634120128491 85 224305613469408 85 199085505650281 85 259971382320608 85 204818690027108 89 209795926489733 85 205628560347303 81 229949946712435 85 221222102804118 89 255768725055393 77 274996930474264 52 165695171293327 85 196395191183233 85 217533375338755 85 242331418850698 89 202819233689630 85 262073250628884 89 234259480865369 85 245728178157416 52 269036433986721 89 225233356170598 89 237036904335661 81 207631924033343 89
3 68
1540479062611732 5 1515157415513499 32 1537330909621330 90
86990206024850 67 67591388881763 79 54237224845280 77 74815416393265 88 54972598807109 37 48198160144202 31 89828682042079 5 73426999538447 100 51432797748156 51 55064163177640 18 82384453778695 15 56101863817667 32 79240131230374 71 89472883669786 7 63347697507406 35 87346597990855 96 60721710582046 82 82039587963684 10 84465480972338 90 74542277735868 49 64451845386793 83 72161185123340 28 72207531868235 64 80735764522064 34 42005143914671 52 64336597141740 2 51583578601648 92 56989189496358 19 39531628622378 95 88845716102810 69 69458225981876 63 74262371881788 4 81825633246073 16 52386309378067 65 88255420441850 40 55093791470933 65 73785164881759 96 62200187774827 90 63961147948289 77 54305540635086 63 56950819587965 18 73064940842414 7 32935947280224 79 69406712824675 51 54857045571672 32 34373883009121 31 74295142684857 49 43067613797897 95 32448275487520 35 74840180764776 71 61388630635467 64 69846914046824 67 59645685961664 69 70131311738075 92 63769084221307 52 56745852088645 82 99223230494029 83 77734951636241 100 87815889414353 40 59319712513178 37 91579273862469 34 64612450292564 28 70607110449527 16 95586753474929 88 53077813084091 19 74477497178605 4 104024031283071 15 82634864624595 10
3 52
2601261463919071 34 2577900889970009 63 2636662458069040 34
77892894424636 34 157086124574429 63 148684741427667 63 188174277126105 63 156154733009095 34 137871806607771 63 127212554835064 34 59618692008831 63 161094821376295 34 123805392344133 63 174939935473425 63 153233964646969 34 183044157092342 34 171027353603387 63 138193594169648 34 124856670097553 63 165929711667809 34 163653224895452 63 130932601787423 34 123410838844774 63 173957643375011 34 122207911191664 63 196348204634048 34 191132356168332 34 139947669762592 63 71288538457063 63 172501880848576 34 150813788913207 63 141894950660390 34 133339540073779 34 113167675368395 34 152116999921743 34 176228375124721 34 103629907446672 34 64522738483516 63 144542711534914 63 167348801516894 34 179702572411203 63 124653351142230 34 79080261513610 34 136853247054695 63 185289727885447 34 101887714815728 34 111271999444807 34 59931031761879 34 133627303325699 63 81564535980885 34 113320895507104 34 169868183218606 63 135191555511951 63 164600802049732 34 63971197236203 63
3 94
1394836383413977 79 1393115294785911 79 1393085500417420 76
28030152424015 100 55362122304928 76 41561114265285 100 29216264768258 76 51025283801625 46 40548005423508 79 48856910996140 76 38235064056262 76 47721435400160 79 35782452751406 46 52594207388541 92 48529262485562 79 41755530370336 100 29908597319434 76 43780530750556 76 41179929387516 100 42313113353306 76 41196087004230 100 51022255611243 76 48968932024506 76 39706018303928 100 47643830852522 76 46625704267970 100 37315336587856 76 50989818543311 46 35436681011767 92 55882296121429 76 40386358217047 100 42352109187705 79 37761526271365 46 43124313807141 100 46177629083710 46 36296889783873 100 45357001504890 46 47870243633335 92 48758037669816 76 41793960011501 46 49075042209619 100 42068613224655 79 38713658929156 76 42020840096433 79 47982711954577 76 37484310402746 76 45482055852925 76 45469114714769 46 47923621245974 100 51493509028611 76 40772495072666 76 45761598950508 76 49986380672309 76 40472589599815 79 45038407579895 76 47660193233395 76 46958060688707 100 40959466924968 100 45341880459440 79 40190677733173 76 54322805466343 79 44534774940281 79 55227747186987 76 42687898954842 76 38018907199367 79 39746853487872 79 44510281966863 100 58999068721096 46 48129190074970 92 45331234851709 79 40250068658702 76 47156631346711 76 32736835377617 46 45764399167215 79 31885858749369 100 37058062603854 79 62391342696760 100 42266271240270 100 52694862628852 100 48730801771406 100 36499431657294 79 50980132239905 76 44977071719972 46 47670277852815 79 52443364034282 79 39498956995947 100 47835650045572 76 31640727424634 76 42624468284365 100 55382388951938 46 48290557437869 76 39329766919552 100 47595015626708 76 32314164275941 100 41387561701674 76 45147212219543 76 40634462835950 76
3 54
627616915390465 40 611992022837194 57 606021144744460 82
54439843741632 69 33191777176226 72 27301101051133 100 32458090460553 67 46253943634729 23 33533436058317 24 37129089541226 43 27621191951304 26 4323456196077 14 25440491292172 44 41280484815737 78 59632327350902 47 14234533378264 96 29444447457745 99 24668955399833 45 14288447979634 65 25676130244320 76 41628684548986 19 44088296008768 54 41801099016616 57 34841652754519 21 26765252511163 55 22007138284711 82 33864116543713 87 30348130701915 86 35906626102363 9 42197297970245 22 14991246684276 50 52554376884764 6 31293286163566 25 20577478135362 3 41505998270157 42 47118172230245 70 34106970074912 30 41014095360989 88 10823813196891 39 43065362441516 8 31846869894156 90 24459822511323 92 34077685387390 73 39932859830438 15 30859262774293 89 27543989503908 91 29974887435830 28 34279890788901 59 31287775466886 61 20114680943218 10 14507644361632 17 39543646447427 34 39475106653661 71 21717727751294 98 42376211784996 62 30233655261387 68 15931791114347 53
3 100
8396184821528863 56 8525545206065171 12 8418676123572233 56
287399064790076 12 291654346491939 12 289765163271864 56 245521929509489 12 287268978629117 56 152346126322868 12 313635380042632 12 185915893145545 12 277513860601814 12 262758897509675 56 248796669702664 12 217688243346485 12 230459181742791 12 339738237467159 56 233883564221162 12 317904959655913 12 252602344257039 56 281528695594168 56 212244651810579 56 408469447175139 56 293842649596418 56 282193353069251 12 289726985343680 56 175575752082646 56 354221877696195 12 325229709008417 56 306835858155702 12 257322369083350 12 314166108645002 56 225955666583551 56 210399083675799 12 157626774695647 56 181789931702757 12 285043401066025 12 215104106061904 56 189674065694050 12 273434235021606 56 300561379200833 12 302014502440027 12 185626119061273 12 195584934460961 12 366959458491725 56 264330740738778 56 277580288226901 12 4737207269194 56 305818789180111 56 275810051776318 12 267057378570244 56 21317123804549 12 230012533408101 12 283489881226543 12 266022928594145 12 311642469072798 56 297213646072109 12 347568596330637 56 419118104374744 56 198524639583192 12 297699421531971 56 331863772824523 56 333728567826716 56 360672958380673 56 278171542780235 12 298998864354329 12 253750168355386 12 238091137621604 12 162791346089789 56 304015255014367 56 249434045692012 12 279986949418156 12 319484787927473 12 269050484027690 56 250472535516594 12 294082625928406 12 121365527977999 12 88507466964519 12 243900121401330 12 338971727530857 12 188564298053549 12 343793856568228 12 273781120567571 56 156434651390884 12 311629670229814 12 338687478278753 56 244307831657712 12 319604648634533 12 273407537879614 56 192037200096715 56 202414119401530 56 256829499914646 12 296392087668912 12 245795441440205 56 290215958283940 12 336931918869245 56 309913307410605 56 237782869946900 12 303131390943450 56 254596332179173 12 236156007139033 12 154169549725162 56 277967007325866 12
3 9
250375935896701 86 217398722944426 57 174062832758276 86
38210911326319 86 60163858662346 86 35049187176633 86 20558428186583 57 141837360575737 57 86277840651352 33 55690759887668 67 29249041636996 57 91094317375639 36
