10
20 1 2 3 4 5 6 7 8 9 10 11 12 13 14 15 16 17 18 19 20
20 120 266 858 1243 1657 1771 2328 2490 2665 2894 3117 4210 4454 4943 5690 6170 7048 7125 9512 9600
20 1915 1441 694 4673 3796 39686 4717 2108 2476 434 391 1214 4283 973 3017 595 2661 1690 846 1762
20 3592 914 3962 810 3136 3378 4712 2536 866 3360 92163 4596 152 49196 2572 2714 3588 4162 1380 2766
20 3012 43932 2360 4744 3000 3190 782 52 3288 1884 3166 4078 3954 2710 3468 574 2206 8 43431 1456
20 64415 81707 24875 41828 56459 53315 29766 28868 96449 53003 16676 54747 53750 45571 85205 27039 75720 85490 42914 73250
20 51972 54743 11051 17637 71472 2826 12339 42636 25964 62494 50238 32404 21209 13522 38225 1845 99291 97791 94073 33190
20 51075 77651 1685 12458 18347 13503 42157 68750 59082 95175 66611 47514 67351 49697 67911 69519 10914 76855 89601 26994
20 72129 97543 93365 31270 81605 91003 58497 69661 5840 31244 67548 73754 67737 85847 91610 97346 58358 37922 54654 21060
20 68388 82560 33132 37468 22688 7948 45002 20251 17896 78750 1126 11998 50041 53983 68621 19409 91767 42182 31259 90823
