10
20 1 2 3 4 5 6 7 8 9 10 11 12 13 14 15 16 17 18 19 20
20 120 266 858 1243 1657 1771 2328 2490 2665 2894 3117 4210 4454 4943 5690 6170 7048 7125 9512 9600
20 82 1316 678 1908 2996 1570 2276 4918 304 3510 806 1326 568 40183 35726 4162 1242 870 3996 3198
20 49159 80876 7926 26765 30368 55006 32017 47761 70984 52773 91121 26278 86788 51301 24480 22734 62909 28659 30837 31176
20 3122 2090 70 2502 218 2102 87391 40504 1450 1544 2016 952 820 4244 798 4044 3436 2454 4052 4590
20 76143 66131 82725 78770 71135 91659 92882 52072 54173 16976 69527 62227 77889 40455 10078 59793 55903 96066 73198 13254
20 4572 4088 3764 89363 548 96 2360 1218 214 1362 1172 2142 2088 1016 2604 2552 768 1638 34916 2714
20 67920 74780 20525 16093 78939 79783 50545 8919 49978 75418 53300 92300 70169 32507 77633 58546 7920 16402 33659 70634
20 96387 63302 52500 80358 85868 1772 89983 74028 2684 33192 23979 24845 52749 74562 44921 67616 64296 32900 33167 73077
20 3488 1326 3159 4899 1391 383 4989 4158 3777 766 3464 1143 537 12 3708 47965 4493 4258 364 1650
